-6.934621605004025469e-01
-7.890465311289406314e-01
-5.085298495867338620e-01
5.166051536033268166e-01
-1.992530191806701323e+00
-7.293244707214611156e-01
-2.220182336775724075e+00
-6.127457554120258054e-01
-6.156882832818743045e-01
-2.947292079936346898e+00
-7.316982837088579217e+00
-2.900913858124991140e+00
-3.249129134662512297e-01
-5.587704071309904652e-01
3.489896768044507824e-02
-1.281492004250808892e+00
-4.190195721475137525e+00
-1.186919833410528202e+00
-1.700412966723161556e+00
-1.524229535944592095e+00
4.543906740213298212e-01
-7.790536613101227692e-01
