-6.819346341372330977e-01
-8.137689691214262666e-01
-4.436622041052935006e-01
7.291327991626682659e-01
-2.399817059084096815e+00
-5.108256237659907217e-01
-1.536296228144642839e+00
-7.256334145601962549e-01
-5.683914159910168351e-01
-7.879214573315733716e-01
-2.639420320069570725e+00
-2.923005029106986896e+00
-2.980953289943291118e-01
4.754787131422108341e-03
-1.016325840551941972e+00
-1.253787868176134301e+00
-2.251646812016574906e+00
-1.433314177703689074e+00
-2.110900554137803198e+00
-1.519232838908339600e+00
-4.558425198353472374e-01
-7.638887287840504525e-01
