-6.531079447556195072e-01
-9.113401027130573206e-01
-4.865343097210788059e-01
6.136797837175413939e-01
-2.178298336728869966e+00
-1.394478917505456383e+00
-4.398562889800856635e-01
-3.650209771681571236e-01
-9.176090091892561418e-01
-1.032658136601253718e+00
-3.117260745892164842e+00
-3.289795233030736288e+00
-6.847665533582414366e-01
-9.615670178118622680e-01
-1.498584476553912470e+00
-1.356341975667841426e+00
-9.925657418147346700e-01
-1.431491030748978099e+00
-1.794607801200730934e+00
-1.570467022855234873e+00
