-6.121158405404119041e-01
-7.019464164159965325e-01
-6.136921790265753573e-01
5.784741280823119114e-01
-2.027294355611008569e+00
-5.108256237659907217e-01
-1.416859418628988232e+00
-4.072676020318959922e-01
-4.822945174106251232e-01
-1.017812765671213482e+00
-3.622971045612862540e+00
-2.858124638428962694e+00
-4.345525145876766304e-01
-5.223766522554337266e-01
-1.173600976644855853e+00
-1.256757280747848649e+00
-2.585739886304855961e+00
-1.562935130295295627e+00
-1.845858887778607071e+00
-8.022055502890896861e-01
-1.024258716177064654e+00
-7.888717401027290910e-01
