-6.297475997809713899e-01
-7.131309892301466169e-01
-6.729143533710517655e-01
5.310065663804041103e-01
-1.953236232201882805e+00
-1.736551903690280119e+00
-5.134740624295668354e-01
-1.250241560604465008e+00
-8.193886076514608208e-01
-1.309368502911475884e+00
-2.507797362752372194e+00
-3.228966104351552957e+00
-6.732542181718591534e-01
-7.169799817059904212e-01
-1.249672520229407224e+00
-8.738351538757702652e-01
-8.677032849740280440e-01
-1.297921107372382421e+00
-1.835199663742746568e+00
-1.555631359583355744e+00
