-6.319628800815423331e-01
-6.691664308136182626e-01
-6.319641890158224085e-01
4.688741227209799467e-01
-1.522310451592734815e+00
-1.561477931993261681e+00
-5.330231115690998722e-01
2.345576961827216395e-02
-1.088629079268316063e-01
-1.086919549052682177e+00
-3.198517174968698473e+00
-3.323028154580750293e+00
-2.586959511281832214e-01
-1.170133741864948645e-01
-9.252535619307394876e-01
-8.491329598976481430e-01
-1.929664207293457334e+00
-1.129245445855832974e+00
-1.175353358727714959e+00
-1.105807490760361667e+00
-7.548968277212694256e-01
-5.944641681027506008e-01
