-6.752097201919884384e-01
-6.920893310723145175e-01
-5.393860140085822152e-01
6.324410220852019204e-01
-1.753423917108678953e+00
-1.838145023384909260e+00
-8.653043633632138132e-01
5.580309489018698416e-02
-5.011811232762100055e-01
-1.288364627964670550e+00
-2.324865361962213939e+00
-2.953095108760533716e+00
-7.133201317301277600e-01
-7.509390852385962045e-01
-1.071736674456478688e+00
-8.355643757614704681e-01
-2.353994443216393950e+00
-1.053400483834053381e+00
-1.653254850601692194e+00
-6.750944233818053641e-01
-8.058985047538731461e-01
-4.583667841645654994e-01
