-6.765556045555338738e-01
-1.159628661897593949e+00
-3.804641761318701132e-01
7.177563342768216170e-01
-3.665691881879196590e+00
-5.108256237659907217e-01
-4.028389182880536268e+00
-8.608648522431563421e-01
-7.252440471038906766e-01
-1.317303974848355930e+00
-3.400229606337679122e+00
-2.123166436944117219e+00
-4.032830559901960932e-01
-1.364983243120559742e+00
-1.933556961847479716e+00
-1.595414347294069168e+00
-3.102271559829952619e+00
-1.365204086213011037e+00
1.797260391202375462e+00
-1.724595648089694899e+00
-1.402363363953127218e+00
-9.651385027985092124e-01
