-7.136181546382389662e-01
-9.616603313720117896e-01
-3.560567761264558651e-01
5.619838807303501049e-01
-2.734646724956873332e+00
-8.216463833925884419e-01
-2.923061771525953034e+01
-3.757127254800665117e-01
-2.437329063977269783e+01
-1.722012295902028534e+00
-7.623871565599867894e-01
-7.743759759327243364e-01
-1.829587037532899862e-01
-7.529946431010650643e-02
-1.324037416264669886e+01
-1.389656040224743094e+00
-1.589345780580759104e+01
-1.261347978858889940e+00
-1.592012654219745471e+00
1.370943244849605891e-01
-1.473853653610921910e+00
1.321226576813351872e-01
