-7.249717895356391217e-01
-9.799071042101881179e-01
-5.154328282810286543e-01
5.294403658227928577e-01
-2.050841462269561877e+00
-1.511340181499766455e+00
-1.253645026343402247e+00
-6.889054631210316249e-01
-1.237618787352811944e+00
-3.006242529899856297e-01
-4.354258680329579967e+00
-3.272555385079877421e+00
-1.280399851915957177e+00
-1.163158994702881754e+00
-2.780053291719509545e+00
-1.246443318978835313e+00
-1.557835720243527788e+00
-2.034053587028662680e+00
-7.420733502460297171e-01
-1.034431008571501387e+00
