-6.597553688924386872e-01
-7.719724521183420896e-01
-5.353548624552342261e-01
4.820989490273159817e-01
-1.837173405893787859e+00
-4.129618597163954297e-01
-8.539143501083114041e-01
-1.135788301980524384e+00
-1.072010176734212061e+00
-2.847685833719367121e+00
-2.234473852434501140e+00
-3.871787840363437372e+00
-4.310758510951959166e-02
-5.003105497258383272e-01
-2.340573877870091302e+00
-1.522162839812803314e+00
-4.954891724559336019e+00
-7.012034188839645354e-01
-1.642842799376200924e+00
3.196920944295406075e-01
-4.270290641416656374e-01
-9.885446106402765443e-01
