-6.639959457747548477e-01
-8.199841360515615074e-01
-6.575632687816566069e-01
5.725604415783733803e-01
-2.252668888675847914e+00
-5.108256237659907217e-01
-2.288115090131325857e+00
-1.582340994210078566e-01
-9.266372006393077676e-01
-1.530325664414373676e+00
-2.642279997088905930e+00
-4.064826220317825367e+00
-8.124724321193518284e-01
-7.996791430491377861e-01
-1.505953892567699182e+00
-1.376275321800760398e+00
-2.848518384379898905e+00
-1.534023314080645628e+00
-1.685834731776374884e+00
-2.192602411120527339e+00
-8.838464322857055855e-01
-9.976753691341130326e-01
