-6.779273522229685156e-01
-8.064751340960241155e-01
-4.839349913378324097e-01
6.104902532015956673e-01
-1.896800216416393070e+00
-1.232802197489397678e+00
-1.319192567205716138e+01
-4.537159281957948154e-01
-3.614219342026384396e+00
-2.859893007852284619e+00
-5.624066797962813391e-01
-7.034808891411546972e-01
-3.204762350833348927e-01
-2.559141801194040888e-01
-1.656931140309349848e+00
-1.277088914811153497e+00
-1.201435864424099620e+01
-1.115695604071849090e+00
-1.851764954751966785e+00
-2.020949109048090886e+00
-1.023991651841499095e+00
1.488697778860543219e-01
