-6.440852751579121405e-01
-8.293814031990238700e-01
-5.759428930385791512e-01
4.207381135463509336e-01
-2.101990810565107282e+00
-1.191516958391551029e+00
-2.626935639531195577e+01
-1.015378221300505396e-01
-1.103714056824214751e+01
-2.732893065366814422e+00
-4.018107284286298042e-01
-2.989126213847084768e-01
-1.034830613034313923e-01
6.440590334796744698e-02
-5.049663261165350470e+00
-1.283204514206064628e+00
-4.635179813311353314e+00
-1.549718878073111927e+00
-1.553026022266755790e+00
4.286661627579686495e-01
-1.277177032219664499e+00
-1.041537839013321198e+00
