-6.664691433794781572e-01
-7.270559635186176761e-01
-5.532061383771158525e-01
6.057163853809958143e-01
-2.264439000317787443e+00
-1.810406146186096077e+00
-1.784344971363049481e+00
-5.283961082178663116e-01
-4.781344321025443600e-01
-2.604239235984720166e-02
-3.708438815405765254e+00
-2.134209158378999938e+00
-1.174057210420093478e+00
-1.369479305209083231e+00
-2.159897730228471868e+00
-1.486488204107560218e+00
-2.331648461439350672e+00
-1.163589919551186957e+00
-9.810313770475709294e-01
-8.582425901212776820e-01
