-6.555499999845695314e-01
-8.590859627822516886e-01
-5.173904752697070508e-01
4.841263323854326228e-01
-2.047962575179842037e+00
-9.599111639572438515e-01
-1.989485437058713169e+00
-3.294556229794142754e-01
-5.346522326955214233e-01
-2.912133622314708958e+00
-4.033133356977642414e+00
-3.912269750298024373e+00
-1.883358311263879370e-01
-5.580824803540033185e-01
-2.625561151216458278e+00
-1.177533734025932421e+00
-2.491419536772509158e+00
-1.303441392981779412e+00
-8.751955089458560710e-01
3.588941201995031194e-01
-1.153974534049323264e+00
-1.203922490908728937e+00
