-6.251581946186068883e-01
-8.183810314665354024e-01
-6.440498799545973929e-01
6.407872325677941294e-01
-1.975105298711646862e+00
-5.086650596250996692e-01
-1.844400952143379513e+00
-5.963511413819596596e-01
-5.859025419554131364e-01
-5.601684151846797022e+00
-2.938836769748300437e+00
-9.390519849710669220e+00
-1.981442159813657372e-02
-2.407390105822201920e-01
-2.989178571058868528e+00
-1.013463710545455143e+00
-2.324528887320147064e+00
1.738793447684489069e-01
-1.166110550665802270e+00
2.314139664559934639e-01
-1.386640489838839585e+00
-1.021762341296708287e+00
