-7.079702778671335128e-01
-7.458796290431886078e-01
-4.917423314825691838e-01
4.769048813041803503e-01
-2.320069965090985065e+00
-1.084990835464932468e+00
-1.869275497555439536e+00
-9.037940625995669608e-01
-9.432926970261686916e-01
-7.075469838829193669e-01
-4.228749003888994551e+00
-2.680268392708790248e+00
-1.416373145366838671e+00
5.185022481945897876e-01
-1.969434016493782913e+00
-1.962477552230857736e+00
-1.330161973810059628e+00
-1.773964976450234765e+00
-4.505810687138051551e-01
-1.225514573055124234e+00
