2.530000000000000000e+02
2.043295773911100455e-01
1.835551726945995332e+00
1.462658324001549492e-01
0.000000000000000000e+00
1.307804283631706366e-01
1.442070083985861340e-01
1.623646421946143004e-01
9.949101484003426699e-02
1.308010785460387015e-01
1.408237819471789554e-01
1.501148611527031163e-01
1.223038234472565849e-01
1.257947481420872426e-01
8.428313336735740458e-02
1.295427362866917731e-01
1.095967952324050781e-01
9.443297807428208124e-02
1.070797562097491190e-01
3.989999999999999858e+01
3.989999999999999858e+01
1.150499999999999972e+02
9.390000000000000568e+01
1.496500000000000057e+02
1.549000000000000057e+02
1.375000000000000000e+02
1.260000000000000000e+02
1.505500000000000114e+02
1.565000000000000000e+02
1.605500000000000114e+02
1.687500000000000000e+02
1.540500000000000114e+02
1.560500000000000114e+02
1.723000000000000114e+02
1.693000000000000114e+02
3.348870843800640262e+00
0.000000000000000000e+00
1.911317807544930147e+01
4.865578472305284841e+00
4.071753488188766035e+00
3.895004088765195327e+00
2.557404139459666936e+01
1.797371074562718007e+01
9.706992837878555491e+00
1.157556891573748103e+01
3.072689580042765822e+00
9.645842387635582327e+00
3.661598195764481645e+00
5.509478871114960263e+00
1.897728600123178211e+01
1.881627744157377791e+01
2.517116077142381170e-01
4.214577728746554119e-01
5.941465904866164438e-01
1.747597582176020348e-01
8.391687617381421438e-02
1.260751145315217314e-01
6.831532850530899204e-01
4.896344207108526692e-01
2.142893169851698421e-01
3.021466859056357035e-01
7.563431439601950301e-02
3.360998069609150152e-01
9.178861217752494472e-02
1.611219993681893004e-01
5.758156455382356098e-01
5.201130595017794400e-01
9.096038036560091200e+01
0.000000000000000000e+00
2.459781559111058016e+02
1.930663911318562782e+02
2.988413629898917634e+02
3.105236523957292434e+02
2.862001636028920757e+02
2.606692510484112972e+02
3.017591861070305868e+02
3.132452367276353016e+02
3.229514979103250880e+02
3.405110621858553372e+02
3.079419217248494647e+02
3.120023208254545466e+02
3.490012286118759448e+02
3.378536192562511360e+02
