-6.785429749008774492e-01
-7.451204949882835882e-01
-6.008668171974036465e-01
5.398304544532214200e-01
-1.611445914581393080e+00
-1.862845183267769933e+00
-6.327584558307129958e-01
-6.011065902971245434e-01
-1.302815899822492851e-01
-6.995866339852795379e-01
-4.573722428801200834e+00
-2.572116022525705592e+00
-4.426966881262560660e-01
-4.203920378505514588e-01
-7.765146248398159257e-01
-6.053073604426362220e-01
-5.793176827634146653e-01
-7.329396719464315035e-01
-1.607670598170857890e+00
-1.062609423359101468e+00
