-6.663194364389644075e-01
-7.270027924081795545e-01
-5.532261511883065364e-01
6.056786148716473139e-01
-2.264398426948914356e+00
-1.808456228203486171e+00
-1.779764420133800984e+00
-5.282895215413911938e-01
-4.783927493676567999e-01
-2.648757351767234633e-02
-3.706081790250540298e+00
-2.135941746526546225e+00
-1.173956276223065975e+00
-1.369821733226772587e+00
-2.161591218661270908e+00
-1.486653303780871571e+00
-2.331868528302547539e+00
-1.163151151429991925e+00
-9.810316077299142679e-01
-8.585046777474197865e-01
