-7.101593984510039537e-01
-1.134607037086798886e+00
-4.763640436472417194e-01
3.634171489350507822e-01
-1.800395290845660634e+00
-1.536315502754485696e+00
-1.318689404704015899e+01
-5.873768676631019314e-01
-9.524273461184474598e+00
-3.608854416295290246e+00
-1.249100302762378156e+00
-6.109228511162663189e-01
1.400101998873645726e-01
-1.129204379420977733e-01
-3.859353528701626512e+00
-6.868822846584758945e-01
-2.784691998938391588e+00
-1.052060344565902694e+00
-3.841238290237242170e-01
1.069611402708328940e-01
-1.057855384610582039e+00
-7.699707156640911432e-01
