-6.528284652898566076e-01
-7.939773405286255636e-01
-5.624006413263715753e-01
5.909422627859504118e-01
-2.310600642185313802e+00
-1.523474749953305230e+00
-1.419952193106777782e+00
-1.063467585262701576e+00
-2.921477561903888520e-01
-1.227609662247769906e+00
-1.269459814844767465e+01
-3.066618622813701567e+00
-1.034359307972696040e+00
7.195485528084006877e-01
-1.536533606396039087e+00
-1.350752804327418843e+00
-2.681246886134618812e+00
-1.201241607092950359e+00
-1.990003905740665768e+00
-1.247848365477045141e+00
-1.300921918705564062e+00
-8.786722303951071122e-01
