-6.929502681199143366e-01
-8.611016992902482681e-01
-4.763214424120141288e-01
6.979653919362520664e-01
-2.550152166612788207e+00
-1.730900326117535526e+00
-1.300331805995212919e+00
-1.163278764326920456e+00
-3.845940599914586255e-01
-5.225802022291403670e-01
-3.987367848661826031e+00
-5.063092622887872096e+00
-1.815425735397403706e+00
-1.112868404106274633e+00
-3.262802557739494347e+00
-1.385501705860747279e+00
-2.055016677725015839e+00
-2.334313292589869526e+00
-1.420755001029653686e+00
-1.370261721276294198e+00
