-6.859375966915085554e-01
-9.323801592709236585e-01
-4.929373986293276722e-01
5.563933511048138048e-01
-2.924204807009823881e+00
-1.682269966504957193e+00
-1.940799519132013318e+00
-5.979157404762910355e-01
-1.416807179184804255e+00
-6.669528256162142732e-01
-2.945481194944179926e+00
-3.112650590431321973e+00
-1.361548415148705171e+00
-1.689416031017133113e+00
-2.622953273282766506e+00
-1.459701548113583103e+00
-1.791791242532520645e+00
-1.394022539551114770e+00
-8.668913761657528472e-01
-1.059564323695713739e+00
