-5.761763226382827785e-01
-8.485303255046596771e-01
-5.499463131673378857e-01
5.136747093081609483e-01
-1.816168795021199989e+00
-1.437685503000240228e+00
-1.744758421920350910e+00
-9.554264189278449670e-01
-1.147849270684565326e+00
-1.185668985803411291e+00
-3.192361803281722921e+00
-2.781034980496476461e+00
-5.979970118202919682e-01
-3.271380375557188525e-01
-1.372300951483439890e+00
-1.108654876671804956e+00
-2.460749934443634324e+00
-1.151748849158715116e+00
-1.490134569685027888e+00
-1.624901079931956760e+00
-1.119137666306756040e+00
-9.975072766687519410e-01
