-6.921269842775666925e-01
-8.760410414524980593e-01
-5.157516561848447534e-01
5.432929571884386188e-01
-2.727783366935591314e+00
-6.201489897849485899e-01
-2.501440284374244705e+00
-3.003620701997208320e-01
-1.206279617394059089e+00
-2.571101606205579593e+00
-3.233303747297430863e+00
-3.664723773136463247e+00
-6.494200489716867031e-01
-6.543405867696138190e-01
-2.757100598862383123e+00
-1.527190130060708251e+00
-6.617681836143314289e-01
-1.632595312806746080e+00
-4.294613846552626235e-01
-1.326982609195493712e+00
-1.380780260562847639e+00
-1.415080958936761002e+00
