-6.252215371218498019e-01
-8.182146654593924762e-01
-6.443017732351791205e-01
6.406861463990801697e-01
-1.974814773555170877e+00
-5.075907087944233620e-01
-1.841214931032658653e+00
-6.040817323878993061e-01
-5.935661915451329040e-01
-4.297761764138831708e+00
-2.925262480229585904e+00
-1.103380617553520437e+01
-2.298743675899578981e-02
-2.481288358491063328e-01
-3.005939632970809683e+00
-1.013592725934691297e+00
-2.327934315470088222e+00
1.730455932750273595e-01
-1.164705695548159614e+00
2.311675940406458796e-01
-1.386350755777377541e+00
-1.021904622169448329e+00
