-6.289741616130225532e-01
-6.632843183425445321e-01
-6.175448795890847720e-01
3.937359563127676987e-01
-1.475011769608914447e+00
-8.264891836584499218e-01
-5.957822769042455668e-01
1.124243126037612339e-01
-6.475542178613755695e-01
-1.856103526188141117e+00
-1.057482056993318409e+01
-1.142502793009059303e+01
2.716029786473447838e-01
1.961784621218441022e-02
-8.058481596877113962e-01
3.041719659848774460e-01
2.815564366957612474e-01
-8.205161964484742887e-01
-1.247252545417614655e+00
-1.198165067664843209e+00
-7.158987644613031831e-01
-7.466592252227596260e-01
