-6.382705528860065369e-01
-7.321419532488276927e-01
-6.550448919822017269e-01
5.830132525513066488e-01
-3.038559056015237125e+00
-1.898178092702978992e+00
-9.807414810092913715e-01
-6.534393860226280770e-01
-8.259501538034265122e-01
-9.202508619897249442e-01
-2.402063164323694266e+00
-3.899912699280735140e+00
-1.420304075986049019e+00
-1.530140758910459642e+00
-3.592136915848175960e+00
-1.502415900916351132e+00
-1.649129544426507055e+00
-1.754953440958399113e+00
-1.151299806318053509e+00
-9.527691720222730698e-01
