-6.850621176378468569e-01
-7.720937746254482592e-01
-5.272844321392754496e-01
5.661963233894252712e-01
-2.324865995970382571e+00
-1.408192106083729023e+00
-1.314765426820100780e+00
-1.064537533087693610e+00
-7.851385071243347502e-01
-1.338103705864730042e+00
-3.648450559907535862e+00
-3.474697724453490455e+00
-6.484815469711515679e-01
-5.189112778227122913e-01
-1.483000116983530292e+00
-1.415718567375032100e+00
-1.082245990674640002e+00
-1.493509543907455051e+00
-2.418472188870743445e+00
-1.926993908255910215e+00
