-6.528611319416341985e-01
-7.940327722822738687e-01
-5.624886689240592430e-01
5.909106183170915738e-01
-2.310241495639505427e+00
-1.524155629727538708e+00
-1.423597884636532918e+00
-1.062118704485263132e+00
-2.923070038404569915e-01
-1.228148863118849077e+00
-1.138276832263937877e+01
-3.072059607828042438e+00
-1.033615829061216518e+00
7.190556009641236868e-01
-1.536318983020108053e+00
-1.350961508732539063e+00
-2.678711894060116894e+00
-1.200915970905092500e+00
-1.989895570105285616e+00
-1.247776491906042118e+00
-1.300872725418236842e+00
-8.784859949136528678e-01
