-6.058575944543466152e-01
-6.954410161885496988e-01
-6.153301345005578460e-01
6.050382536945166922e-01
-2.038830475769379369e+00
-1.247286672294578125e+00
-2.806560839080777470e+00
-2.861250827092094995e-01
-2.225215692506375409e-01
-2.761488230178749337e+00
-4.577647283645205789e+00
-2.703013464431531787e+00
4.594014628426103947e-02
-4.616431656855539412e-02
-2.794714542311580896e+00
-1.376521004117435609e+00
-2.628218553138004232e+00
-1.723499374741915613e+00
-9.721437952651305059e-01
6.497207507458968578e-01
-1.120531103536348994e+00
-8.920366074366274933e-01
