-6.921054684880499908e-01
-8.760220568179931666e-01
-5.157687548319520587e-01
5.432810217676926623e-01
-2.727700360162073068e+00
-6.200472724506860267e-01
-2.501402720776377375e+00
-3.005995927043587645e-01
-1.205943477541222775e+00
-2.574612457736839222e+00
-3.235593828089516677e+00
-3.666328302313606624e+00
-6.493088754179957567e-01
-6.543551524979930312e-01
-2.758820743305273382e+00
-1.527494304238544043e+00
-6.616102368080027940e-01
-1.632633358843539328e+00
-4.294654096073088900e-01
-1.326340156432614492e+00
-1.381134806517410496e+00
-1.415094311263106919e+00
