-6.650745249554860239e-01
-7.688008317229844124e-01
-6.433327500439940394e-01
5.730908239795045045e-01
-2.169702925658530290e+00
-1.682799551298804985e+00
-1.346699056990504850e+00
-8.469171401305487512e-01
-7.162558025588152688e-01
-1.081874734832751983e+00
-3.139315725523792899e+00
-3.974924832982846379e+00
-9.662327313122225370e-01
-7.959699571693144016e-01
-1.308117106282819853e+00
-1.364574952444841838e+00
-2.574605115794014853e+00
-1.351805067383744952e+00
-2.183435846332538510e+00
-1.604754951593409640e+00
-6.272197066582367864e-01
-8.739769158088995793e-01
