-7.421507711853835287e-01
-9.882362265765478604e-01
-4.866836390864151540e-01
4.930811944805231772e-01
-2.243813635408866691e+00
-2.661354557468571969e+00
-1.176617758700847638e+01
-4.217148897144770148e-01
-3.967216294372048146e+00
-1.233951775753810542e+00
-4.406765283249045595e+00
-5.266552452888991764e-01
-7.717778081796569101e-01
-6.462196767934305086e-01
-1.038938909814985045e+01
-1.238318562507634280e-01
-2.980647225155931501e+00
-1.349237512979586828e+00
-2.852538638378938063e-01
-1.655691319136100847e-01
-1.117036793122224481e+00
-9.681739549516079624e-01
