-6.600912044642651688e-01
-8.166482409330956260e-01
-5.861525452163786065e-01
6.921483200568626648e-01
-3.509606074026014877e+00
-5.108256237659907217e-01
-1.290420253459980682e+00
-4.717918827091495682e-01
-8.381984859900564189e-01
-1.970779285169347306e+00
-1.988656349511071619e+00
-4.594945887294259457e+00
-6.384903343036123502e-01
1.552377909186940075e+00
-1.298326749848969675e+00
-1.519204754762633724e+00
-5.130280767590125635e+00
-1.557220397227684572e+00
-1.968594293896514857e+00
-2.107236431929588871e+00
-1.792267616082810822e+00
-1.174148638931820976e+00
