-6.341430339119846771e-01
-6.943341811705331379e-01
-6.734426918655891381e-01
4.844962853716232587e-01
-2.328958398984368738e+00
-1.409886653048592509e+00
-1.383927431402319552e+00
-5.795932670397947462e-01
-1.111678251878557511e+00
-2.071499222077829216e+00
-3.225165087590143642e+00
-3.025038751578121854e+00
-8.222541122436318739e-01
-9.466275531525477627e-01
-9.916980715964164306e-01
-1.098197577802547675e+00
-2.752469837132566433e+00
-1.488119051701235263e+00
-1.140116609856224983e+00
-1.112011422387704451e+00
