-6.932244755420062798e-01
-7.890099703383706142e-01
-5.085601572482764121e-01
5.175773249462058967e-01
-1.992510498496903759e+00
-7.285354476561932691e-01
-2.234467323131125394e+00
-6.098112195720170048e-01
-6.125953053429330497e-01
-3.014281818955013570e+00
-7.648348017119559472e+00
-2.846593440210400505e+00
-3.225967860693855771e-01
-5.556885737017764892e-01
3.474408795077784523e-02
-1.283485597336202266e+00
-4.441350425698120219e+00
-1.189959928559986446e+00
-1.697176022707530096e+00
-1.528152464806352473e+00
4.561503463023461880e-01
-7.738633489993894665e-01
