-6.558907050037133812e-01
-8.032199986856595197e-01
-5.543173526748023106e-01
5.816530881627155480e-01
-2.331805419710545557e+00
-5.108256237659907217e-01
-1.764276108494376771e+00
-8.464802363749471814e-01
-3.166922625408700731e-01
-1.278322728281258147e+00
-1.287922328631740321e+01
-3.008951876797756331e+00
-9.757265565306705302e-01
7.377253234562320960e-01
-1.491710330017766539e+00
-1.230063440155967802e+00
-2.454303140766072922e+00
-1.122731201054580463e+00
-1.920788214888084600e+00
-1.176700438212762823e+00
-1.215606942095402543e+00
-8.152783638652724152e-01
