-6.698968182299157581e-01
-7.456680514639532076e-01
-6.491999002736029700e-01
5.043223017058702240e-01
-3.317101213458445219e+00
-6.744532357517224463e-01
-1.006016887277496830e+00
-5.252282109070188776e-01
-1.746826325417520698e+00
-1.916434964463068491e+00
-3.829383416454146705e+00
-4.858900554564212548e+00
-8.486681300369680603e-01
-1.089318243152005428e+00
-1.632107952582474653e+00
-1.847595498079032339e+00
-3.303415362578847603e+00
-1.572613276164904761e+00
-2.293765982845803464e+00
-2.679260066175756183e+00
-1.457063122696355739e+00
-1.280591746445071788e+00
