-6.977572680510317760e-01
-7.802699087860859306e-01
-5.559700505999486397e-01
5.135186759047739580e-01
-2.200406728585096339e+00
-8.878701136631922397e-01
-1.853103829225698496e+00
1.493691751935015688e-01
-1.099097997369244517e+00
-2.518870900343799235e+00
-3.153034878688758536e+00
-4.947607257781005963e+00
-6.000790550287528058e-01
-4.862292760460670826e-02
-1.589229207711486236e+00
-1.187325623831989585e+00
-2.690989513093217322e+00
4.087516355335819862e-02
-2.076655752931825027e+00
-1.682887122759512355e+00
-1.021926035285016132e+00
-1.032915854717594506e+00
