1.270000000000000000e+02
2.445261137021234321e-01
1.521035509941992991e+00
2.160784284355666274e-01
0.000000000000000000e+00
1.466566305355030686e-01
2.151600838371688640e-01
1.108900371956897390e-01
1.693944786978286710e-01
2.816747043082082347e-01
1.639120944712087469e-01
2.402150805379131837e-01
1.192199696733708958e-01
8.375805431088312325e-02
9.437366888656760489e-02
1.518763888897220471e-01
9.858610986743272797e-02
8.358005228838601142e-02
1.646668451699805080e-01
9.699999999999999289e+00
9.699999999999999289e+00
4.775000000000000000e+01
2.289999999999999858e+01
7.634999999999999432e+01
7.650000000000000000e+01
3.770000000000000284e+01
4.770000000000000284e+01
7.425000000000000000e+01
8.129999999999999716e+01
7.795000000000000284e+01
7.995000000000000284e+01
7.195000000000000284e+01
7.395000000000000284e+01
8.300000000000000000e+01
7.800000000000000000e+01
3.592584957902524301e-01
0.000000000000000000e+00
1.740117018554598616e+01
5.061768367875006946e-01
2.819668499997053379e-01
1.343177300807894214e+00
8.066588381184923051e+00
1.381718749661745171e+01
5.804024237878210535e+00
4.116078948411673544e+00
5.169757218327035719e-01
3.194647278758621756e+00
4.823843179790977126e-02
6.568251944961037481e+00
3.088522895027268955e+00
4.719380744343716572e+00
9.076437078929382174e-02
5.148031577881703180e-01
1.028008729565077495e+00
5.396204102548857184e-02
1.652863982402809004e-02
5.157714702414643165e-02
3.478873660526339284e-01
7.737861435345543271e-01
1.621575034618586986e-01
2.132555584420411932e-01
3.948272891664597606e-02
2.135522097604653224e-01
2.206673322240711686e-03
4.387142741382001887e-01
2.220039597255843711e-01
1.839113078454309991e-01
1.831809189363233870e+01
0.000000000000000000e+00
1.154197021214193200e+02
4.359655722756535567e+01
1.538396940116119254e+02
1.537364249230290056e+02
8.231962669364162366e+01
1.089400832431778525e+02
1.490019318965696016e+02
1.618953329920324791e+02
1.563278683712986208e+02
1.585141389200312574e+02
1.439344900901006383e+02
1.518631164921440870e+02
1.664514051965915087e+02
1.558369423651961370e+02
