5.810000000000000000e+02
2.131815301305891863e-01
1.818637976508428622e+00
1.824744354716289485e-01
0.000000000000000000e+00
1.520264621544045458e-01
1.990972999079362871e-01
1.348810718224016103e-01
1.332100433486507751e-01
1.816489877874525871e-01
1.850428651567491978e-01
1.342556623825839901e-01
1.187534336703633259e-01
1.548209302191035364e-01
1.410609363406284400e-01
1.093610281468958972e-01
1.402549395303199775e-01
1.326925536934780436e-01
1.308051153105472264e-01
6.595000000000000284e+01
6.595000000000000284e+01
2.186500000000000057e+02
1.841999999999999886e+02
3.060500000000000114e+02
3.116999999999999886e+02
2.692500000000000000e+02
2.657500000000000000e+02
3.210500000000000114e+02
3.253500000000000227e+02
3.185000000000000000e+02
3.345000000000000000e+02
3.461999999999999886e+02
3.351999999999999886e+02
3.340000000000000000e+02
3.395000000000000000e+02
4.431696147634978544e+00
0.000000000000000000e+00
3.948079020076524159e+01
2.033627295534408574e+01
3.019763465574048844e+00
3.904809795765307179e+00
4.169291152916188992e+01
3.651927652159787385e+01
1.766977085366649547e+01
2.146047792881275740e+01
6.302814001699573510e+00
2.063983307640409492e+01
8.907965575393696156e+00
1.954817628304506627e+01
3.171112631240061575e+01
3.674690471332398545e+01
1.660454596194798349e-01
4.710623513129602036e-01
5.394453756312880266e-01
2.652090226513587612e-01
3.633545556357190009e-02
4.713128510769040019e-02
4.187183137720031367e-01
3.637853757359703621e-01
2.030489974406591847e-01
2.754777383130283530e-01
6.417884126899517372e-02
2.197678606804625012e-01
1.173484343524251877e-01
2.064456105731788671e-01
3.572585329966517231e-01
4.103985209768489240e-01
1.462651775305972706e+02
0.000000000000000000e+00
4.814145066292169304e+02
3.851391760918579621e+02
6.161568890079774974e+02
6.219473659872135158e+02
5.481599297659964805e+02
5.425060484642069696e+02
6.481827311370325333e+02
6.560043285538051805e+02
6.343266339649488827e+02
6.657868877568857897e+02
6.941265332916282205e+02
6.751222606673943574e+02
6.689328205444592186e+02
6.845264726800639892e+02
