-6.893739657659924136e-01
-6.810890739622710299e-01
-6.381196974041730696e-01
7.358430441376466735e-01
-2.144189029998008866e+00
-1.757912277492843511e+00
-1.167798038560519114e+00
-5.214130004521265738e-01
-4.414091282908466640e-01
-1.348286165250391466e+00
-3.496273807789353594e+00
-2.937898544516053256e+00
-5.395552184193036505e-01
-4.749412683093571785e-01
-1.184667028143623346e+00
-1.150689069902099293e+00
-5.219797334297957558e-01
-1.436038782735423958e+00
-1.572117350733661212e+00
-1.701585601814977089e+00
