1.970000000000000000e+02
2.148940869802860032e-01
1.995255447031619722e+00
1.973570673423805100e-01
0.000000000000000000e+00
2.353875115308171617e-01
1.964453246167426059e-01
2.274500036821482662e-01
1.512336571159687004e-01
1.968509210527699116e-01
1.830140127940825256e-01
2.827862570231307049e-01
1.485376113925165331e-01
1.473324659680182169e-01
1.504400551270692610e-01
1.143578779863913819e-01
3.361582555979015785e-01
1.252603624447879982e-01
1.634135905955058643e-01
6.150000000000000355e+00
6.150000000000000355e+00
3.945000000000000284e+01
3.945000000000000284e+01
6.665000000000000568e+01
7.354999999999999716e+01
8.579999999999999716e+01
7.629999999999999716e+01
6.829999999999999716e+01
7.634999999999999432e+01
8.184999999999999432e+01
8.975000000000000000e+01
1.064500000000000028e+02
6.595000000000000284e+01
9.159999999999999432e+01
9.109999999999999432e+01
7.908996708488308380e-02
0.000000000000000000e+00
1.344573197418982602e+01
5.094694123095578675e+00
9.997204029893332899e-01
2.700987850488598685e+00
2.239516460004615084e+01
6.385522272999333282e+00
5.602857493812697598e+00
4.179698235780968218e+00
1.061093016677842282e+00
6.061240349604735123e+00
1.823624708300266377e+02
7.246351147243061064e+00
5.365509686878917606e+00
1.039721927042593208e+01
3.596215381341315992e-02
3.660300983411158837e-01
5.481920595003799690e-01
3.001850173681877010e-01
3.218953070256229398e-02
1.210386367325418655e-01
6.337009668708711851e-01
2.252655248442227420e-01
1.446625990438912823e-01
1.827264364062882451e-01
4.461547480741981375e-02
2.256010183944025527e-01
6.239681438192939744e+00
1.644698583037713657e-01
2.364147009892445805e-01
3.491233833744082915e-01
1.114353592530548909e+01
0.000000000000000000e+00
1.042001373992349613e+02
8.639476058801332670e+01
1.365456792866643525e+02
1.475537165079944089e+02
1.795281013279241051e+02
1.548878492148870407e+02
1.369603992870817137e+02
1.539951728188688662e+02
1.614245109148592974e+02
1.785899295653131844e+02
2.555682870403493610e+02
1.310657677353555357e+02
1.811852503736246547e+02
1.822426797355047654e+02
