-6.418473954407086790e-01
-7.873389945816862134e-01
-5.469498853183702991e-01
4.876897732267698182e-01
-2.177388899145935586e+00
-9.620036517469952031e-01
-2.800221311082907061e+00
-8.113291970324688629e-01
-2.508253268423327187e-01
-3.751743987840172156e+00
-6.173024507034462260e+00
-3.055555098004054670e+00
-3.306102806634827473e-01
7.208695903729115395e-01
1.240914267116823011e-01
-1.429943099965464315e+00
-2.922260835889334274e+00
-1.289336772176419732e+00
-2.191950643143252719e+00
-1.262748594021583459e+00
-1.288750810813452441e+00
-1.034589598571759916e+00
