-7.092826091870556571e-01
-9.415744056500066073e-01
-4.765605106808084579e-01
6.887774401810715652e-01
-2.458906138986062473e+00
-2.169425620663008036e+00
-8.011539595074634867e-01
-2.263358876460544178e-01
-2.617696244627211177e-01
-1.246296324291496838e+00
-8.917379831860619888e+00
-2.433184499972397496e+00
-7.540830571513083003e-01
-7.918848591923629554e-01
-1.464802065672452080e+00
-8.729905912172590821e-01
-2.162532393849433188e+00
-1.601185599328943443e+00
-2.194898127268770427e+00
-8.329096248835008431e-01
-1.138476288582710438e+00
-1.365872665579310086e+00
