-7.041135053014409007e-01
-7.981982390357874602e-01
-5.078310293832967171e-01
4.184475176332825286e-01
-2.012697151297528464e+00
-1.188528860979086055e+00
-1.128668530551701465e+00
-8.590732685521991208e-01
-1.056307039477419885e+00
-1.448690459857432611e+00
-3.190890926908774183e+00
-2.938975357417346057e+00
-8.293357508214821427e-01
-3.294184797636736661e-01
-1.302343740918651349e+00
-1.190877577265637033e+00
-1.210426835674448087e+00
-6.186120665870421531e-01
-1.714383723839303375e+00
-1.455949472814439094e+00
