-6.544661531305757673e-01
-9.007276072008209011e-01
-4.690692460994772550e-01
7.275200436902599099e-01
-1.456000413501658652e+00
-2.572586469668965758e+00
-1.309159118503627184e+01
2.305249687202609032e-01
-1.689706830842558460e+01
-1.912390609966378108e+00
1.491919081280745560e-02
5.391656145243579890e-02
2.172245830367897923e-01
-5.514901863287732797e-02
-1.506956617336954629e+00
-8.460340446876423171e-01
-2.268233750994457676e+00
-1.228176173433723095e+00
-1.477476578151517783e+00
-1.136247985803992888e+00
-5.041976207643913410e-01
-5.840295945418532142e-01
