-6.651079570149530662e-01
-7.687674541266641404e-01
-6.433843583866601934e-01
5.731198028069801609e-01
-2.169624377782707114e+00
-1.681740263106665134e+00
-1.346251035605466662e+00
-8.472094699835877041e-01
-7.164261578198835023e-01
-1.082482388880480872e+00
-3.139721883637937694e+00
-3.978026807721066316e+00
-9.667137240417761346e-01
-7.955665132197407008e-01
-1.308295094528848512e+00
-1.364377584313706482e+00
-2.575952432468892273e+00
-1.351660503505765609e+00
-2.183846005839537252e+00
-1.604947671466130599e+00
-6.272218878429133282e-01
-8.741494941617672376e-01
