-5.640160708578046966e-01
-8.483897377311105936e-01
-5.423265660187975845e-01
4.548063115979582571e-01
-1.768958519954966224e+00
-6.086016945003315248e-01
-3.384119747670587763e+00
-8.563638643490310010e-01
-1.121696219483805823e+00
-7.836565843707964385e-01
-6.513959622045722320e+00
-2.645224223187447432e+00
-7.836565843708013235e-01
-6.907755278982136815e+00
-1.279423418120725575e+00
-1.490551972544198189e-01
-4.465887093432928445e+00
-1.069962275536059826e+00
-1.562328180817026624e+00
-1.710434874902604818e+00
-8.727156879135884726e-02
-9.083147384891143705e-01
