-6.760184295197551041e-01
-1.135019598340588853e+00
-3.837659232333037185e-01
6.566037044610724127e-01
-3.493236321184499893e+00
-1.184218171455842405e+00
-1.506244591613289607e+01
-1.025222875624899999e+00
-8.372796055859070830e-01
-1.718995205986300734e+00
-1.220158756358525487e+01
-1.491972670624932107e+00
-3.142999701675791013e-01
-1.014063835304851446e+00
-2.005838834971268803e+00
-4.368126114220009515e-01
-2.958081532577291561e+00
-1.657360211232132396e+00
1.652886508615940775e+00
-2.191957224469961218e+00
-1.398158686565275088e+00
-1.176930637159020909e+00
