-7.221285159611845472e-01
-8.397479770985830649e-01
-5.630316961418094790e-01
6.072509708578897047e-01
-1.952534481413656264e+00
-1.589259054748023869e+00
-1.379479975948969539e+00
-8.638121626721673163e-01
-5.205778813210116818e-01
-1.743897396108232467e+00
-2.475869858213630703e+00
-2.070767747199896203e+00
-3.809157479494953980e-01
-7.140938068065784128e-01
-1.540450541111925364e+00
-1.197230336198533474e+00
-2.581666371920190439e+00
-1.090420687169724845e+00
-2.387617372925482595e+00
-1.825675619127238303e+00
-5.516407222369743568e-01
-6.537876145327484734e-01
