-7.121885801957215101e-01
-1.146076929816168155e+00
-4.586680046903386931e-01
3.480253025575759662e-01
-1.823177911984481092e+00
-2.479969168363646226e+00
-1.813613080517297504e+01
-5.237731977024264740e-01
-1.137408401489993359e+01
-3.021968031743129224e+00
-3.269892763467336927e+00
-6.266769699559433526e-01
-1.369221934356672776e-01
-1.173333491689086683e-01
-3.090864248473601084e+00
3.276880680683371544e-02
-2.778345355798621519e+00
-9.771629442599722992e-01
-1.210810404731715167e-01
2.236752278607575389e-02
-1.035878365629747000e+00
-7.216668409782509563e-01
