-6.757109605876386871e-01
-9.949855304693021596e-01
-3.588716142736737558e-01
8.045685181074144765e-01
-3.316064687412742629e+00
-1.695940308339916935e+00
-4.108111152132375987e-01
-7.423761305640756980e-01
-9.454122156771991303e-01
-1.159712718909978069e+00
-1.274221269311947502e+01
-1.445971353055177921e+01
-5.296068913808605894e-01
-9.521207448873900137e-02
-1.619451844165966437e+00
-1.614151384058418071e+00
-2.364176719942875149e+00
-1.375401161662638261e+00
-2.139133611757255249e+00
-2.136320448138695038e+00
-1.317597989260780311e+00
-1.384795140899631294e+00
