-6.451999017825255089e-01
-8.214193635896441803e-01
-5.837960777065736018e-01
4.211206180688832901e-01
-2.013759383905810552e+00
-4.733857030704316515e-01
-8.444221904823023817e-01
-6.616019239174553146e-01
-9.395693788601880980e-01
-1.169660090934924490e+01
-3.767448961047536127e+00
-2.339305207542745624e+00
-1.746947939635173225e-02
-2.198070669460593651e-01
-1.152402307543905735e+01
2.523183624252727797e-01
-4.392452243092777486e+00
-1.664364373939336561e+00
1.618963884277111187e-01
-1.088125077284273212e+00
-1.362445635825531243e+00
-1.188950890316530451e+00
