-6.892494423247528257e-01
-6.811349743813666091e-01
-6.381456564666977416e-01
7.362058983693897662e-01
-2.143557151784598158e+00
-1.761436589076713854e+00
-1.163213573110043475e+00
-5.232905536747450848e-01
-4.401247004073415292e-01
-1.356946489795934463e+00
-3.495619523268777229e+00
-2.944305727192915612e+00
-5.394557894189943026e-01
-4.742110450608973959e-01
-1.182563707188545754e+00
-1.151163460837391961e+00
-5.232857438932351224e-01
-1.436466621697256585e+00
-1.570124903822963214e+00
-1.699633858153783095e+00
