-7.040684090298651165e-01
-7.982463780726792857e-01
-5.078495575696164721e-01
4.183872114538018105e-01
-2.012634180117979010e+00
-1.188543315620753882e+00
-1.128827541635616605e+00
-8.589495991272779740e-01
-1.056656481771041767e+00
-1.447635390284265577e+00
-3.189038615932923815e+00
-2.939162618717363618e+00
-8.291442914226325733e-01
-3.296313568129834448e-01
-1.302459161760180173e+00
-1.191123465075441645e+00
-1.210306918441031332e+00
-6.185709225938328393e-01
-1.714548496937724709e+00
-1.456139045322154102e+00
