-6.470802814327666352e-01
-5.764725651354468683e-01
-5.660066871423492518e-01
8.575678392268057948e-01
-3.162377032004344724e+00
-1.919153390517771784e+00
-1.927297091286326536e+00
-6.021861619271789978e-01
-1.282724528646157491e+00
-1.538287271112042109e+00
-3.574068381960187502e+00
-3.430284357715256860e+00
-1.717353105684830128e+00
-1.321636697720693254e+00
-1.807054360197046794e+00
-2.146295627404077866e+00
-3.430284357715244425e+00
-2.429639921103489364e+00
-1.483361972934461814e+00
-1.684396288798377883e+00
-1.296300231476799292e+00
