-6.477866046553195645e-01
-7.800072233225220364e-01
-6.147299372798749051e-01
2.006276825369856798e-01
-2.167618782056567106e+00
-5.108256237659907217e-01
-1.639806041707736739e+01
-6.326836378329984134e-01
-8.302812039079695339e+00
-2.052632242088070047e+00
-2.980849755681013402e+00
-2.519462442958623871e+00
-1.487984264935835466e+00
-1.771007646788066214e+00
-1.307800102642472817e+00
-1.281166354752823144e+00
-1.195951682290361084e+01
-1.720181999431620534e+00
-2.663258769337305765e+00
-1.548498177832169587e+00
-1.252646603936656611e+00
-3.432854147345137386e-01
