-6.977319316900482127e-01
-7.801525107445910212e-01
-5.559717764838876253e-01
5.135679005327290492e-01
-2.200333764443736406e+00
-8.882677346074038249e-01
-1.856387095046946767e+00
1.493241130748700352e-01
-1.098578448194571733e+00
-2.518311925354754788e+00
-3.146050584958995255e+00
-5.092244889932127094e+00
-6.000612180735267476e-01
-4.891356295926317654e-02
-1.588679210945303399e+00
-1.187000744935692742e+00
-2.682378186236084705e+00
4.096440407246373233e-02
-2.077070671036240768e+00
-1.682440803209582336e+00
-1.021739279517674293e+00
-1.032891900558889464e+00
