-6.650790752110281590e-01
-7.687481464462595504e-01
-6.434706501904542408e-01
5.733285667618110981e-01
-2.169460107761217671e+00
-1.681551822205395341e+00
-1.346695624877312758e+00
-8.476443220749970697e-01
-7.167095206371338900e-01
-1.082289421593367384e+00
-3.140608098326164832e+00
-3.974803734571706215e+00
-9.664245665685032849e-01
-7.960409716560106208e-01
-1.308262668899349057e+00
-1.364274915040397662e+00
-2.575617181284232782e+00
-1.351639366780054807e+00
-2.183942784322407071e+00
-1.605074256453711934e+00
-6.274961988151090964e-01
-8.741721064652767659e-01
