-7.251552434798498314e-01
-8.627301174306188924e-01
-4.099852645263095674e-01
6.933154525886404684e-01
-2.140167458644506748e+00
-1.145827671967844186e+00
-1.214734717210808501e+00
-7.435338586728222898e-01
-3.265510646926962912e-01
-1.669584528808960133e+00
-3.744870965003282759e+00
-3.081959135122363413e+00
-9.140879568018454027e-01
-9.479767777302806619e-01
-8.227326752075215799e-01
-1.329379871213420827e+00
-3.359565699229544400e+00
-1.587192536824441280e+00
-1.190527648005234473e+00
-8.785088070773463542e-01
