-6.798713851565494348e-01
-7.387937268283459868e-01
-5.214926873989165212e-01
5.386789104103799630e-01
-2.962763972315730854e+00
-1.368169100565657770e+00
-1.886621428479975826e+00
-8.450557835104930415e-01
-6.926571888639319052e-01
-2.462518265895667025e+00
-6.384513238107925481e+00
-3.053593757479489135e+00
-8.387117295780434079e-01
-1.097782806450194437e+00
-1.426021989656871103e+00
-1.783514667213838889e+00
-1.284527942116345356e+00
-1.830251455046822295e+00
-1.636920287883563363e+00
-2.622811769342691779e+00
