-6.417554415997454020e-01
-8.110858986911747559e-01
-6.173829768440344257e-01
7.124250751878187238e-01
-3.360225587013554893e+00
-1.593560665593243719e+00
-1.450722085481996437e+00
-5.449338180669053289e-01
-9.795388262293925896e-01
-1.011676047874364492e+00
-3.110983668962419291e+00
-2.938505975798090919e+00
-7.380009059646250869e-01
1.259550332141997631e+00
-1.120617012770872778e+00
-1.239282630508792948e+00
-3.738526959908004876e+00
-1.493472095174013470e+00
-1.043889150276284372e+00
-1.071939103288419126e+00
