-6.639557080430167346e-01
-8.329836272244489637e-01
-4.822037887099955844e-01
1.298547462525649343e-01
-2.349035633241993271e+00
-5.108256237659907217e-01
-1.899717543057966651e+01
-4.901330068662863026e-01
-3.164119564390942774e+00
-2.514990791586437346e+00
-1.551585048380250242e+01
-5.118355338136568733e-01
-7.118339585122942514e-01
-2.309751976380477467e-01
-1.652067140866828510e+01
-1.021586239217660563e-01
-1.194364015988167083e+01
-1.358927185044973784e+00
-2.578052957269844070e-01
1.364092281582173771e-01
5.783117105058488416e-01
-1.642273849164806343e+00
