-6.297724263324310234e-01
-7.131076584751780967e-01
-6.729043876551048520e-01
5.309951632291228796e-01
-1.953277163163234187e+00
-1.737344156845836096e+00
-5.138543378901107017e-01
-1.249628740910163627e+00
-8.193948043127868841e-01
-1.308763907382270109e+00
-2.507296902651816595e+00
-3.229571432603466796e+00
-6.730246668182228165e-01
-7.168929487496503716e-01
-1.249673766267369146e+00
-8.737331697889144655e-01
-8.676434312328837883e-01
-1.297981508091798242e+00
-1.835549259312575066e+00
-1.555165778973432333e+00
