-6.779494149351384946e-01
-8.066330505075379742e-01
-4.840215406280048427e-01
6.103860430260366066e-01
-1.897010841230462930e+00
-1.232337926860683774e+00
-1.380626053406729525e+01
-4.533440618806722222e-01
-3.630302425361898955e+00
-2.862330529455344497e+00
-5.619908851352998225e-01
-7.027003699606805265e-01
-3.201648067382447671e-01
-2.558570494321146249e-01
-1.656919295503477940e+00
-1.277647898070897847e+00
-1.286022458201256669e+01
-1.115759059119280083e+00
-1.852887234115169202e+00
-2.020196717893152361e+00
-1.023890033309846626e+00
1.489956656875849883e-01
