-7.429270960175063943e-01
-7.732203775029886650e-01
-6.455664217150751671e-01
3.990218841998166566e-01
-2.064754975120469016e+00
-1.008745095107925982e+00
-1.988245308172665649e+00
-4.052959558139758722e-01
-1.361099737600469428e+00
-1.411707736122287837e+00
-2.187460046497034405e+00
-1.166722582277092179e+01
-5.905193345846306840e-01
-4.473788002004364661e-01
-1.530145902918188305e+00
-9.050457736079332571e-01
-4.869176646562313748e-01
-9.187086175684572309e-01
-1.362882683099019943e+00
-1.822327875738002589e+00
-9.516414107108309706e-01
-9.793555540809545379e-01
