-6.770234783585562521e-01
-7.813131709591222274e-01
-5.492480393611971490e-01
6.316721985456854593e-01
-2.798528067968399036e+00
-1.167769878242555626e+00
-1.716141709345613497e+00
-6.406433303138990842e-01
-1.075521191124991116e+00
-1.858751966665837418e+00
-3.383386932846727646e+00
-3.892903831802722703e+00
-8.668591928087535647e-01
-1.026090379365145688e+00
-1.567245497462952608e+00
-1.513580769046373398e+00
-2.750229406336393900e+00
-1.788955239162623556e+00
-2.434286804094260681e+00
-1.701016657451723146e+00
-1.139000867172421438e+00
-1.344748623935944298e+00
