-6.921198130214836208e-01
-8.760426625993658067e-01
-5.157623701124929294e-01
5.432113323801774918e-01
-2.727764423861361198e+00
-6.201083536449888411e-01
-2.501649059845040490e+00
-3.003252734061631068e-01
-1.206305858690257304e+00
-2.571350130686054669e+00
-3.235232932069531664e+00
-3.668220709342560948e+00
-6.495812651374124336e-01
-6.542699620455374454e-01
-2.757871788301624605e+00
-1.527307901640706289e+00
-6.616252002769754670e-01
-1.632535252063486153e+00
-4.294990561486666802e-01
-1.326770790209614193e+00
-1.381032425568218258e+00
-1.415241245024626116e+00
