-6.932674847829063403e-01
-7.890823336965442358e-01
-5.084841231275426532e-01
5.166078813601968633e-01
-1.992544250268647232e+00
-7.294556542046880532e-01
-2.223102319358465806e+00
-6.128405668112998361e-01
-6.156555632978087944e-01
-2.940853336195719869e+00
-9.487475899967298787e+00
-2.896208952103060952e+00
-3.247633670691025820e-01
-5.585098063099531718e-01
3.486326955144435774e-02
-1.279999508234830552e+00
-4.174008492290373518e+00
-1.186986653419306093e+00
-1.698566731195274349e+00
-1.526140577493029671e+00
4.544277065457874576e-01
-7.796908024835866868e-01
