-6.797282216006933497e-01
-8.387861088329365833e-01
-5.236191335576863004e-01
6.585020104071819258e-01
-2.532975099746837877e+00
-1.512005737050211573e+00
-1.457672729345840468e+00
-9.058057736952218608e-01
-8.194175066691967713e-01
-6.588790503464510007e-01
-3.000299279374969430e+00
-3.390688356484479193e+00
-1.422018876145577648e+00
-1.109958083011683749e+00
-3.241948838392046728e+00
-1.641674360640251518e+00
-2.116743642948846649e+00
-1.948762160728339410e+00
-1.416328983351742954e+00
-1.149790604359369972e+00
