-6.758445105323308555e-01
-6.605943024533597052e-01
-5.103375606431005407e-01
7.130707042053038291e-01
-2.778084527530547021e+00
-1.060232795705134068e+00
-1.629386558015172515e+00
-4.840378899097375620e-01
-4.178768661278351448e-01
-1.904703184589876974e+00
-4.534710187240973411e+00
-4.143510596150448144e+00
-2.989656855828665694e-01
-1.191300575413700935e+00
-1.214650484868441849e+00
-1.643494709322069758e+00
-2.831515971932108133e+00
-1.453608372762479783e+00
-1.468904142220175624e+00
-1.470286733536188217e+00
