-6.890006730461881723e-01
-8.680533309798624808e-01
-5.420359166290943387e-01
5.981455269811992714e-01
-2.664692776130528351e+00
-1.544875296348467986e+00
-1.792258583822793350e+00
-7.536911536388112287e-01
-6.175472606808301013e-01
-1.327259342730330083e+00
-3.308415101474707853e+00
-3.060863836189090748e+00
-8.705373873967838794e-01
-1.011306434239734209e+00
-1.594038706830536833e+00
-1.289618510804332985e+00
-2.747242969215329733e+00
-1.515184053368272554e+00
-2.142407824109930026e+00
-1.578121998335625831e+00
-1.029204030364970324e+00
-8.907329179258293150e-01
