-6.440792054236279540e-01
-8.293017817678943748e-01
-5.759823489198772073e-01
4.206304068961598808e-01
-2.101841531172581767e+00
-1.190975406635602196e+00
-2.669219164713573633e+01
-1.017591854046429045e-01
-8.598900978288941843e+00
-2.733649853247268613e+00
-4.019561867896811469e-01
-2.989594181521817995e-01
-1.034993039488016214e-01
6.416577164876803574e-02
-4.850006504857000245e+00
-1.285037777604145059e+00
-4.821798178816750990e+00
-1.544676004958852156e+00
-1.558607568483774131e+00
4.286380580407248564e-01
-1.275996899696907327e+00
-1.040786688844972385e+00
