-7.210227726364737411e-01
-6.235888455142875042e-01
-1.089483414836472708e+00
4.506844841132592316e-01
-3.983821948997581686e+00
-5.108256237659907217e-01
-4.386246659274074311e+00
-4.217370244996913264e+00
-3.823234303800141731e+00
-4.063003226085124986e+00
-4.435832665215006188e+00
-4.251283839936237818e+00
-3.293624806855188769e+00
-3.758219015154546039e+00
-4.249232041681563210e+00
-4.097483027096182617e+00
-4.400495141824567469e+00
-3.989876800460555373e+00
-1.909856648860766004e+00
-4.105313280833869705e+00
-3.899442694826308120e+00
-3.645084094119197093e+00
