-6.826372018973437816e-01
-6.910340959277820883e-01
-5.951339651453174673e-01
7.495064887224173189e-01
-2.829231484443972100e+00
-1.924433986544977548e+00
-5.440162245536110941e-01
-7.484573196956734176e-01
-3.711401839332931774e-01
-1.429585520199812665e+00
-3.237995720105018460e+00
-3.628999764727685928e+00
-8.499223899527758030e-01
-1.247299263085677623e+00
-1.100694173706384227e+00
-1.332909331089692451e+00
-2.636516243235518253e+00
-1.982332122647991302e+00
-1.455579561077864348e+00
-1.124413222610101348e+00
