-6.792339581385024028e-01
-1.144797889428496029e+00
-3.853608531258012060e-01
6.907720857698136374e-01
-3.682417788855580021e+00
-1.537609990927271575e+00
-3.325288176472301238e+00
-1.005039713057269246e+00
-6.011295798947876579e-01
-1.203356269861748151e+00
-3.436114012759916125e+00
-2.111645472515382593e+00
-4.561780968989437857e-01
-1.490475462141902740e+00
-1.933351151153262837e+00
-1.699765127618869665e+00
-3.109674511359635574e+00
-1.488987245208836185e+00
1.830929129506516206e+00
-1.805027957761698998e+00
-1.442167808457982092e+00
-1.052329885234045470e+00
