-7.548790119951571675e-01
-8.359443405891938683e-01
-5.347863306989549814e-01
6.799155407030643694e-01
-2.648057076646593178e+00
-1.468161063192337190e+00
-1.242821142068056606e+00
-1.055182538714186213e+00
-1.197208963113064684e+00
-2.067449759558168954e-01
-3.141404576885252098e+00
-3.186542950248564043e+00
-1.722225503177767347e+00
-1.335804443307710310e+00
-2.936587290725443555e+00
-1.337414141888257912e+00
-1.771506599121525305e+00
-1.495311565977380575e+00
-1.263740486996878243e+00
-1.183866944941988741e+00
