-6.473950454575434499e-01
-8.086163950396374478e-01
-6.219925544385788152e-01
6.973822932708761968e-01
-2.214543426170391349e+00
-1.198403086212856072e+00
-6.456307425425210633e-01
-1.040063292865903488e+00
-7.523593422263373798e-01
-7.655287359429888694e-01
-2.436051661708043881e+00
-1.098860858111969208e+01
-8.552795772872375801e-01
-6.992161240176405501e-01
-1.105487322139183659e+00
-9.543070002522818784e-01
-2.590086170794898557e+00
-1.070701489815901963e+00
-2.166736338503345127e+00
-1.458925710613413917e+00
-1.325832850957581410e+00
-8.992984540713788721e-01
