-6.417852690023437834e-01
-8.110877376934307881e-01
-6.173345949595840931e-01
7.122214008842709942e-01
-3.360163062001046974e+00
-1.593117004882272036e+00
-1.450523946211130566e+00
-5.448731470861166715e-01
-9.786837371894200333e-01
-1.012405367320659444e+00
-3.113325564639227494e+00
-2.939833057325790922e+00
-7.379364882251189250e-01
1.259468163936168006e+00
-1.120747919929692360e+00
-1.239314193365975258e+00
-3.738491515047743796e+00
-1.493912165809257342e+00
-1.043681871268066441e+00
-1.072034945579252163e+00
