-6.856478303408476416e-01
-8.095150171340405043e-01
-4.995320868486919363e-01
5.189966755715230695e-01
-2.956587270870530304e+00
-5.299137838974730119e-01
-1.438861883277703368e+00
-6.515420654629762165e-01
-1.172834673814501238e+00
-1.519022119565097562e+01
-3.106125148159504690e+00
-2.496077232083287356e+01
-3.731133714912227561e-01
-3.859144925455375019e-01
-1.333477859524519538e+01
-1.821291981662650272e+00
-1.095748010742333101e+01
-2.275038977955039066e+00
-1.837498772823102366e-01
-1.408867461511198682e+00
-1.850609284176822467e+00
-5.585829275452891540e-02
