-7.385582337175168322e-01
-7.446002895820142964e-01
-6.040378005744094780e-01
7.034636985916863372e-01
-2.722557998988438754e+00
-1.331011588077440688e+00
-1.642155012861054919e+00
-5.122256015786419425e-01
-9.234250303082902622e-01
-4.916268111172523159e-01
-3.358891873358015090e+00
-3.206021453031770552e+00
-1.629432525940030407e+00
-1.404501799871211931e+00
-2.899425884832739886e+00
-1.449691094648981604e+00
-2.039253847852020574e+00
-1.737064249946736805e+00
-1.126644650429174721e+00
-1.084558170886668504e+00
