-6.713980023896114480e-01
-6.654492416288028123e-01
-7.057456313621430777e-01
7.158905024229089697e-01
-2.289409693309526705e+00
-1.540773351446649508e+00
-1.946312005900703639e+02
-2.378749469842754982e-01
-3.963505528789877275e+01
-6.817944362506180855e-01
-6.552243030957879411e-01
-8.172876486668837481e-01
-6.285442001442290705e-01
-6.919865005141110359e-01
-1.451363912854756855e+00
-1.163879249789021575e+00
-1.293464524437103691e+01
-1.248331363927369653e+00
-1.462415132191009715e+00
-1.877362455059971458e+00
-8.610734655677605431e-01
1.853179606182116523e-01
