-5.802471901374047780e-01
-8.647348740268463452e-01
-5.426676927580942333e-01
5.232065906958673907e-01
-1.847115670034868762e+00
-5.108256237659907217e-01
-2.229983121422456360e+00
-7.594041306353940257e-01
-1.186345318806160343e+00
-1.201157280145792372e+00
-3.260977622503144602e+00
-2.655779415797485221e+00
-5.271581681405074216e-01
-3.041229594629005217e-01
-1.334072676011374137e+00
-1.038519015363488451e+00
-2.425884947293186933e+00
-1.063405930996509596e+00
-1.419317062611000990e+00
-1.554133367391330678e+00
-1.050245897702378084e+00
-9.283808148085476164e-01
