-6.417984527004171325e-01
-7.874301104756021852e-01
-5.469844098047254022e-01
4.880371831048139208e-01
-2.177370469645674156e+00
-9.616362443310837449e-01
-2.812598586730170158e+00
-8.118382417508126503e-01
-2.503096020276119882e-01
-3.635985628875834319e+00
-6.119991431092348222e+00
-3.057873336975637901e+00
-3.335103719068529537e-01
7.203811911221348341e-01
1.239587105571156866e-01
-1.430613517360328935e+00
-2.920171855807041084e+00
-1.289530796035940341e+00
-2.193830094961476629e+00
-1.262242807430471903e+00
-1.289307242851075008e+00
-1.034775063046813326e+00
