-7.390158484326254662e-01
-9.843195026354777388e-01
-4.973762629963729975e-01
5.663296981703829225e-01
-2.267496362176484759e+00
-9.473762185136508363e-01
-2.077127788311865508e+00
-9.588533448293082850e-01
-2.160253122258049885e+00
-1.366867035267741226e+00
-8.172305446005526663e-01
-3.379778292377392801e-01
-7.323552592924919002e-01
-9.864737299355146316e-01
-1.215901476212410159e+01
-1.228848681815156496e+00
-2.977933779910724166e+00
-1.492034088885945797e+00
1.727959477603869531e-01
-9.839532243652854282e-01
-1.181319913765282115e+00
-1.085418705293386799e+00
