6.300000000000000000e+01
2.439501119664440054e-01
1.411529716057958739e+00
2.210142650808281095e-01
0.000000000000000000e+00
2.676184692818999178e-01
2.261009924870566179e-01
5.452936531262669861e-01
1.350135884542685849e-01
2.370171678365316781e-01
1.800322147737783152e-01
3.696223342509910581e-01
1.607289736557519777e-01
2.496715281903920391e-01
1.425576883930375072e-01
4.445148322294977805e-01
2.986668603742474448e-01
2.422848224904534109e-01
1.558728297203206825e-01
3.399999999999999911e+00
3.399999999999999911e+00
1.384999999999999964e+01
1.359999999999999964e+01
2.089999999999999858e+01
2.344999999999999929e+01
2.519999999999999929e+01
2.869999999999999929e+01
2.175000000000000000e+01
2.394999999999999929e+01
2.600000000000000000e+01
3.050000000000000000e+01
2.280000000000000071e+01
2.330000000000000071e+01
2.750000000000000000e+01
3.350000000000000000e+01
1.318592718335686309e-01
0.000000000000000000e+00
1.762064023205426766e+00
1.329478443780669261e+00
3.500728565010485707e-03
6.119258309466880652e-01
3.207351435738532874e+00
5.840051043745360992e+00
2.043534471788093221e+00
1.393542124196078813e+00
5.309568874235491586e-05
1.588936941813487769e+00
2.564714388277009594e+00
1.082889519960062330e+00
6.012307509764916347e+00
2.351873800586636065e+01
7.478394604292312731e-02
3.886941253711362898e-01
2.180173465439207425e-01
1.974337297569337124e-01
1.552274735194295280e-04
9.692036366401382552e-02
2.634538438898171298e-01
5.384477620717403878e-01
1.272237178097819776e-01
1.800907509107498305e-01
4.123790913574892888e-06
1.830376824937841596e-01
1.265316100543970035e-01
7.800330279881628748e-02
4.343574594506358633e-01
2.048303295646462630e+00
7.977778794964731190e+00
0.000000000000000000e+00
3.020052913662062366e+01
2.978224838947783226e+01
4.135798834876686669e+01
4.676342059775952009e+01
5.136439832323802079e+01
6.024525437850504517e+01
4.345659354775174421e+01
4.814315199965344050e+01
5.156958088719262889e+01
6.089414111078905734e+01
4.559883186696747259e+01
4.648192677644731674e+01
5.713045614062257727e+01
7.366298792053045474e+01
