-6.164495457630227992e-01
-7.721383450325166597e-01
-5.124978637119470548e-01
4.708078785073206429e-01
-2.583527414979267967e+00
-1.566858585071298160e+00
-2.407880506399874054e+00
-1.254791453927244005e+00
-7.555963964717461456e-01
-1.916320243676101098e+00
-4.631944139348560086e+00
-2.844110408343212271e+00
-8.317954899321213791e-01
-9.656559728802557308e-01
-1.141714498492696794e+00
-1.599696164717510083e+00
-3.157721131215364352e+00
-1.462289751472582333e+00
-1.112610435159866906e+00
-7.159591378770230330e-01
