-6.808569196673973645e-01
-8.109317302001781691e-01
-4.450427069056078766e-01
7.385796048051498364e-01
-2.383103806105404843e+00
-2.734347390063224026e+00
-1.345562722242223952e+00
-8.530239895431149799e-01
-5.653571781558870413e-01
-7.787200374388799640e-01
-2.598518202592638993e+00
-3.166205355617603523e+00
-3.147409161475725470e-01
-1.426593505443902662e-02
-1.041301478855920726e+00
-1.275396418960741851e+00
-2.263530343054662275e+00
-1.463027795573292655e+00
-2.142948891089697216e+00
-1.546273463993373953e+00
-4.860232535318589342e-01
-7.994693797595480156e-01
