-6.348400886875604776e-01
-7.536314422179823946e-01
-6.311725055921509897e-01
1.982965694384377642e-01
-2.046205430626633959e+00
-3.293295069534714070e-01
-3.303263935759415570e+00
-8.637907710597866329e-01
-2.564324753084904263e+00
-2.599929821467354518e+00
-9.581669661645983993e+00
-2.021736675747586087e+00
-1.296744282004106408e+00
-1.908261651490973376e+00
-1.410324315220321756e+00
-1.385840911972177958e+00
-7.500365978860297211e+00
-2.502729371279092341e+00
-3.027175837380548185e+00
-1.702712925660340604e+00
-1.122617230799243471e+00
-5.543804527690254780e-01
