-6.356974431202123688e-01
-7.679896715665340823e-01
-6.314419229509540266e-01
2.198619841262784425e-01
-2.109619709995945946e+00
-3.333184723175716679e-01
-4.086939264529664051e+00
-8.077553335270198920e-01
-2.746680915360668163e+00
-2.363996258003381978e+00
-2.901486457799351104e+00
-2.017416670772241627e+00
-1.598305648503166587e+00
-1.866862411295807433e+00
-1.515241539146861660e+00
-1.220805545067087161e+00
-5.959825704985581396e+00
-2.459771525871280673e+00
-3.053499719696997072e+00
-1.676890784280044233e+00
-1.124877705881505152e+00
-5.243301172150653944e-01
