-6.338786944020106118e-01
-7.256219943352201218e-01
-6.054649920526935514e-01
6.412267102535609276e-01
-3.155863809524845909e+00
-2.268305263937266503e+00
-2.074795975384830626e+00
-3.338207944193531396e-01
-7.326618701381124588e-01
-2.089079419376074664e+00
-4.323916572500812627e+00
-4.055381162952722107e+00
-5.011806987888904885e-01
-1.043098640733841398e+00
-6.461903651176793550e-01
-1.413215371344825666e+00
-2.412415059575047760e+00
-1.690622342496268526e+00
-1.516614605265789839e+00
-8.725539992884653318e-01
