1.860000000000000000e+02
2.875903088378435335e-01
1.767008046456967518e+00
2.656747147806716725e-01
0.000000000000000000e+00
2.518297886101326655e-01
2.389753619953021435e-01
2.765209931855818759e-01
2.015156387841504082e-01
2.059124022850537805e-01
1.780763008933272940e-01
2.940462796903663412e-01
1.898611436240154604e-01
3.079367886077229444e-01
2.028000212610919784e-01
1.884727401197487384e-01
3.492646739276713541e-01
2.118045489897184830e-01
2.884175485275413120e-01
2.630000000000000071e+01
2.630000000000000071e+01
6.870000000000000284e+01
7.504999999999999716e+01
8.515000000000000568e+01
8.820000000000000284e+01
1.017500000000000000e+02
1.072500000000000000e+02
8.529999999999999716e+01
9.125000000000000000e+01
9.170000000000000284e+01
9.679999999999999716e+01
9.054999999999999716e+01
8.204999999999999716e+01
9.790000000000000568e+01
9.090000000000000568e+01
3.482102858854014382e+00
0.000000000000000000e+00
1.470550275706249010e+01
2.062904942852335211e+01
2.701582138596897664e+00
2.605636640533387727e+00
1.058423336702851714e+01
1.475683889564085121e+02
1.078896197216282715e+01
5.777948559416971719e+00
4.848369404911663239e+00
7.020070507504769353e+00
6.831148296310592727e+00
7.687188644681200778e+00
9.480137419726810677e+00
1.207208797919036058e+01
2.248706009382168691e-01
7.202247855814117861e-01
4.066064424055954585e-01
5.496166407694842437e-01
5.686066585820442887e-02
7.280229156214752806e-02
2.545490855575661682e-01
3.668093431631402002e+00
2.126343668461965486e-01
1.666099198526706515e-01
8.552446956253308141e-02
1.788309788963261537e-01
2.010834817422646470e-01
1.332140088817942436e-01
2.290363899828874450e-01
2.303107765067362867e-01
5.828525384034874435e+01
0.000000000000000000e+00
1.436145760509306797e+02
1.570602248706383079e+02
1.718217456937601071e+02
1.776069872936647016e+02
2.019320993158713691e+02
2.259159121578685188e+02
1.725561788372528440e+02
1.826571693451658405e+02
1.840957388971627893e+02
1.935667347465553689e+02
1.802473018688796742e+02
1.652201375425209449e+02
1.954226326206983799e+02
1.817382957407501749e+02
