-6.665245761505953492e-01
-8.102701893623485141e-01
-4.918271258111298616e-01
2.269375272369056340e-01
-2.258487968940675827e+00
-3.524691255494723507e-01
-1.234520076433462954e+01
-7.129572173229714593e-01
-2.646782490575113833e+00
-3.224143587538087719e+00
-4.104916234990521051e-01
-3.482265405466600239e-01
-7.497688328463095742e-01
-3.208614852698152276e-01
-1.318636146355758854e+01
-1.618487426134971985e+00
-1.007463412141500569e+01
-1.740957389007556255e+00
2.361839826700021516e-01
-7.249039247281711118e-01
3.481530371995769646e-01
-1.880540360273492029e+00
