-6.650435112530026505e-01
-8.738589384530257576e-01
-4.738626214590002661e-01
5.118421091626904618e-01
-4.806537589791436638e+00
-1.382645299936650973e+00
-1.097543934747256644e+00
-1.528292845685454981e+00
-1.670737758667836248e+00
-2.063288165557958020e+00
-2.554853558076782605e+00
-1.148525524048026725e+01
-4.773208473235261984e-01
-1.078137206792711966e+00
-1.056675071052683101e+00
-1.674664863526650782e+00
-4.578993444386359357e+00
-1.327129252805011150e+00
-1.767635865225984482e+00
-1.252182169828226055e+00
