-6.401075528668132009e-01
-6.995578701199891558e-01
-4.959288822415519049e-01
6.686389698819854566e-01
-2.814366222977349175e+00
-1.905471933812495022e+00
-2.119051882203041526e+00
-1.437158421457655821e+00
-4.122646500812935377e-01
-2.157058065837372585e+00
-4.386867860160979404e+00
-4.258379143793540322e+00
-1.424169658524792048e+00
-6.071783097434257925e-01
-9.175126251414786882e-01
-2.032425044735284736e+00
-3.057034443123569645e+00
-1.987688558932986460e+00
-1.477097325657382720e+00
-1.264073908704238081e+00
