-6.616541490250199553e-01
-7.942168188495065673e-01
-4.874003150180060140e-01
5.236615940636929478e-01
-2.266100316518450786e+00
-1.112597264481376635e+00
-1.564115525431350795e+00
-8.685064031313164401e-01
-7.261504649689964896e-01
-1.652102466968722982e+00
-3.813835268151638314e+00
-2.954285917917061965e+00
-4.371357710071924751e-01
-8.694881403398697639e-01
-1.670485613708751149e+00
-1.217510301440621889e+00
-9.272752013453380293e-01
-1.437808274384509311e+00
-1.837008662659359803e+00
-1.547362567460585536e+00
