-6.897702621715110505e-01
-8.763100560373142667e-01
-5.014879366794493532e-01
5.063273303458851737e-01
-2.787124152070743932e+00
-5.108256237659907217e-01
-1.101329437670866085e+01
-9.172518867732194769e-02
-1.070452046886312480e+01
-1.548778181127329567e+00
-3.363091161121545714e+00
-4.572493229004482629e+00
-5.558674679416102382e-01
-5.748964165751094813e-01
-4.246043946400521740e+00
-6.842864549695570897e-01
-1.240355751609820922e+00
-7.348072498881897952e-01
-7.418988973892123306e-01
-7.516725156649534112e-01
-1.238255774970372647e+00
-1.184300603808593921e+00
