-6.714753787488971781e-01
-7.804653231489278031e-01
-4.856610856575077073e-01
3.324389562954209731e-01
-3.653622947597876980e+00
-5.108256237659907217e-01
-1.849851465469945921e+01
-6.131733676625722440e-01
-1.717366707263524717e+01
-1.242011839230061199e+00
-1.861545156208648910e+00
-1.633214652762511099e+00
-1.047117886406974785e+00
-5.399729891293175710e-01
-2.379111684613071542e+00
-1.418366859123839641e+00
-1.396975060338420427e+01
-1.151020889912442557e+00
-1.820223205271433109e+00
-2.749921297186431079e+00
-9.907459543702786808e-01
1.431619033065889113e+00
