-5.761841208249469659e-01
-8.484690509167034378e-01
-5.500386027951932322e-01
5.137607871378737645e-01
-1.816065929070847851e+00
-1.438102493652669622e+00
-1.745274738216483490e+00
-9.549128028648550259e-01
-1.147726832006334963e+00
-1.185881583289643437e+00
-3.192996375436070622e+00
-2.783294292057284292e+00
-5.979991340338304262e-01
-3.273956752735456277e-01
-1.372289056785994221e+00
-1.108402529760537547e+00
-2.462106827337564141e+00
-1.151425057288472553e+00
-1.490363045636225792e+00
-1.624461135266396905e+00
-1.118928237786242397e+00
-9.972553268876341859e-01
