-6.395872091648377999e-01
-7.966034623992598318e-01
-6.049418145786988887e-01
5.594234473156670662e-01
-3.240133118105567256e+00
-2.134700287044256850e+00
-2.226291568922130892e+01
-2.453503070072989289e-01
-1.903657604611013454e+01
-8.872878061966241736e-01
-7.484023079687670554e-01
-6.917951789302826393e-01
-8.173915832784027780e-01
1.259819660576279476e+00
-1.522797640624465210e+00
-1.594741683915904096e+00
-1.301679886290295940e+01
-1.646165632829244441e+00
-1.981163935364682827e+00
-2.245384947397091935e+00
-1.845208023326808222e+00
-1.295764647721655338e+00
