-6.751844510545460532e-01
-6.920907037130106243e-01
-5.392974383302422403e-01
6.326013226506201903e-01
-1.753312420959548312e+00
-1.838084237577581437e+00
-8.657408998965834268e-01
5.560567369224238277e-02
-5.013586989231580970e-01
-1.287165138469370973e+00
-2.320970279366047606e+00
-2.959163260138445217e+00
-7.133162931977269361e-01
-7.510397002085936746e-01
-1.071160767757777466e+00
-8.355712164773286821e-01
-2.353068848693144588e+00
-1.053251725145818440e+00
-1.652873522683725893e+00
-6.753487726310382078e-01
-8.057751430360985401e-01
-4.588497896104022922e-01
