3.310000000000000000e+02
5.092638631185647524e-01
1.656103845215162851e+00
4.702451386951773671e-01
0.000000000000000000e+00
3.904620384910979514e-01
4.846204395250924835e-01
4.439475366826107772e-01
3.152111774055731397e-01
4.697437435465942612e-01
5.588798025011759707e-01
4.818848701699506298e-01
3.636194516531495724e-01
3.968343200543373306e-01
4.659736958476825008e-01
3.768493782754341326e-01
2.925553017146486079e-01
5.007502691702208075e-01
3.603096967623611313e-01
5.625000000000000000e+01
5.625000000000000000e+01
1.283499999999999943e+02
1.200499999999999972e+02
1.450000000000000000e+02
1.450999999999999943e+02
1.368000000000000114e+02
1.358000000000000114e+02
1.515000000000000000e+02
1.529000000000000057e+02
1.486999999999999886e+02
1.535000000000000000e+02
1.605999999999999943e+02
1.625999999999999943e+02
1.526999999999999886e+02
1.601999999999999886e+02
2.421012840055760762e+01
0.000000000000000000e+00
1.752516058143577737e+01
1.721823208185698917e+01
2.791694611965168882e+00
6.998337559701233168e-01
5.579482731821480002e+01
5.122985662521902839e+01
2.810112134314942978e+01
1.741689803818923821e+01
4.308945487666110630e+00
2.939662184220797769e+01
1.214845452899233713e+01
6.513139366695963162e+00
3.476678003425175945e+01
3.162779490568485130e+01
3.654173982808410215e-01
5.919821933955097260e-01
1.741834593094011563e-01
1.472164237662454689e-01
2.175903321020579775e-02
7.676649633986116876e-03
4.279746934824675275e-01
3.364519572044544216e-01
1.955557587598351355e-01
1.576091982159439353e-01
3.680429775905345174e-02
2.075146428513351959e-01
1.008431851156017384e-01
6.860370522105280200e-02
2.329042129385374416e-01
2.779108469509116719e-01
1.408910990693848362e+02
0.000000000000000000e+00
2.576773688991480071e+02
2.413406992328606293e+02
2.889992147742843827e+02
2.892154954604536670e+02
2.775331364506010345e+02
2.724467719548399032e+02
2.982014492162423380e+02
3.039080067509456740e+02
2.950280028293212808e+02
3.040095852655364865e+02
3.196735287159413019e+02
3.245150375664101148e+02
2.981027167690068609e+02
3.158547889461833620e+02
