-7.347702318033583202e-01
-8.461453274341000919e-01
-5.579940496657209703e-01
6.130815576991672788e-01
-2.154357780913642273e+00
-1.035433176729543270e+00
-6.805166903164804326e-01
-3.280903091089806267e-01
-7.651192232817579653e-01
-1.481814325645924857e+00
-2.621134351805362250e+00
-5.314395763242314885e+00
-1.027168179867847808e+00
-5.780362119649988806e-01
-1.156589551206808508e+00
-1.087685468616249151e+00
-1.010154222183880846e+00
-1.391670153709761992e+00
-1.110913656921076464e+00
-1.834898165043162832e+00
