-6.939974793470136127e-01
-8.332492182951892756e-01
-5.509710231283152515e-01
5.883641958336740529e-01
-2.861263847956178275e+00
-2.519426928825366563e+00
-2.365274332483359832e+00
-8.829588952411751013e-01
-1.016251844287357153e+00
-1.102832417326595316e+00
-1.172910708425603588e+01
-3.269063795303400521e+00
-9.691742989848051160e-01
-9.916349306076188697e-01
-1.581236267347263746e+00
8.322048924643024592e-02
-8.133664168652785520e-01
-1.681810964575138678e+00
-2.312026781434646239e+00
-2.439131074513731789e+00
