-6.813409762921591728e-01
-6.751782709367314395e-01
-5.603401199579973735e-01
4.743646767097567385e-01
-3.042543964039173154e+00
-1.391333563263806417e+00
-7.193249950373238333e-01
9.976442225065785818e-01
-1.093601397047329948e+00
-4.547792013716518422e-01
-3.407058280305335529e+00
-2.833661004611036205e+00
-1.450175582055671208e+00
-1.140412896794752884e+00
-3.842281426156191504e+00
-1.710043381685692587e+00
-1.844007064296212972e+00
-2.372371821734376329e+00
-1.193238789535778777e+00
-1.165877887406333802e+00
