-6.787952182919866351e-01
-8.693030552842534453e-01
-4.554243157495801442e-01
8.499820434631653043e-01
-2.602326800088329062e+00
-1.675519956350979722e+00
-1.155479844382240495e+00
-5.355931491489708263e-01
-3.474677794250751739e-01
-3.234694096026486942e-01
-3.312989856624224849e+00
-2.671096321602441481e+00
-1.140155019101269041e+00
-1.234528136189370739e+00
-3.417020900594963884e+00
-1.418032010210849680e+00
-1.832644845355176022e+00
-1.549617956391314832e+00
-1.068480778544131260e+00
-1.052834639545639384e+00
