-7.426844649529541487e-01
-8.680522865682647193e-01
-5.417947083500784800e-01
4.751008594294124920e-01
-1.671950135492749734e+00
-1.304398528695748904e+00
-3.641776627020037460e-01
-4.073258328997457212e-01
-1.121162490386407917e+00
-1.182758318411347986e-01
-2.654587096241340038e+00
-2.538891165121623494e+00
-1.956000307218105583e+00
-7.819018698955035873e-01
-3.108258843441804586e+00
-5.789187685712885445e-01
-9.578708815394523235e-01
-1.404032568051277963e+00
-8.196454046827933437e-01
-4.392950222484284239e-01
