-6.759628385742497692e-01
-1.135001124428379748e+00
-3.837822776847485406e-01
6.562236388422361122e-01
-3.492739533057007684e+00
-1.184097316442255021e+00
-1.086380435725627258e+01
-1.026843383241037300e+00
-8.378664228664693958e-01
-1.719030782180656081e+00
-1.144686547818255917e+01
-1.491467287954344911e+00
-3.142529207618281473e-01
-1.014041392217742255e+00
-2.011356232436114055e+00
-4.371601724333186723e-01
-2.965320179624761465e+00
-1.656251611949431490e+00
1.652126111485504811e+00
-2.186435026654849345e+00
-1.397704799498544093e+00
-1.177104910014579398e+00
