-7.249119423499238435e-01
-7.610588365843722336e-01
-3.923476341696551795e-01
5.779660211013165627e-01
-2.308180109667689273e+00
-1.111652595210537831e+00
-8.289742068962475230e+00
-6.694810504240102933e-01
-3.918924547085754995e+00
-1.575472724746493247e+00
-7.836084298613148480e-01
-6.389824527216482197e-01
-2.799219650623209210e-01
-3.649606601431874542e-01
-1.422540626954371445e+00
-1.411920902426608171e+00
-3.136888262507876224e+00
-1.021915891106687013e+00
-1.760839497075282978e+00
-2.001598252743734818e+00
-1.091473533584376598e+00
2.066607371825445461e-01
