-6.551854253188362787e-01
-8.657510059251118939e-01
-5.060392990748033837e-01
4.532680203964876697e-01
-2.137810019789326166e+00
-5.108256237659907217e-01
-3.209726156035629163e+00
-1.779754720096757281e-01
-5.528333341506371790e-01
-3.156297040992188219e+00
-7.583058049674496814e+00
-3.176911914802526660e+00
-1.092096132033688882e-01
-4.628952957692580861e-01
-3.770813025758046777e+00
-1.018055770468669019e+00
-2.355298420478498134e+00
-1.158803075853447107e+00
-6.215677509640533671e-01
5.183127297430492053e-01
-1.041595309878422526e+00
-1.060285054313500508e+00
