-7.094361028799088809e-01
-7.819187771178550683e-01
-5.276432071754192377e-01
7.790569617989272500e-01
-2.697465636249444465e+00
-1.100730324279463490e+00
-1.185357293231719122e+00
-5.288877589843307137e-01
-1.102299173650529651e+00
-9.239851013708153538e-01
-2.528194245015331632e+00
-4.479259568659590407e+00
-6.968350678139543231e-01
-9.053759522211387578e-01
-1.349869989453457819e+00
-1.579024711305222262e+00
-2.939751416988686916e+00
-1.201830447346219799e+00
-1.978348296475053614e+00
-2.059076738428490039e+00
-4.754690922499998917e-01
-1.227048053568477570e+00
