-6.814361039559037048e-01
-6.750869724590260468e-01
-5.603778999782847992e-01
4.743013281768239664e-01
-3.042416781742704135e+00
-1.391383261350764178e+00
-7.196372556701108314e-01
9.975645855871267953e-01
-1.093959923038801518e+00
-4.545790345382704767e-01
-3.403431655562853653e+00
-2.831050041751081991e+00
-1.450460006845233574e+00
-1.140268649551975377e+00
-3.857781387925358185e+00
-1.709461529714660921e+00
-1.843976804370178968e+00
-2.372219340090340189e+00
-1.192646097134482108e+00
-1.165383691092817919e+00
