-6.596527740657003314e-01
-6.557643540363886636e-01
-6.904950819814336116e-01
5.318187648142532753e-01
-1.559926138615083557e+00
-1.325186549343849274e+00
-1.041929325810188711e+00
-5.243096884020300719e-01
-1.150437386126368366e+00
-2.165198014204765542e+00
-3.136943842643140190e+00
-2.251157093020758282e+00
-7.175738087879813820e-01
-2.980618526034756188e-01
-1.095473022900694371e+00
-1.162366969960416885e+00
-5.935783958506656299e-01
-1.079346778881182578e+00
-1.588646841768404760e+00
-1.192432915056452103e+00
