-6.756800680323339359e-01
-9.949640681157968514e-01
-3.588475534858860394e-01
8.046923713165194947e-01
-3.315955130156655883e+00
-1.696009042814249357e+00
-4.107560299862783038e-01
-7.428529637591398949e-01
-9.454387710729761363e-01
-1.158911733084597273e+00
-1.286729901214510186e+01
-1.458297098944252390e+01
-5.295941095739683524e-01
-9.517789417037146593e-02
-1.619634874807584834e+00
-1.614222902885619426e+00
-2.363805644238358816e+00
-1.375751868034949643e+00
-2.139286783064032527e+00
-2.135497270058549724e+00
-1.317854457812784208e+00
-1.385118375136918489e+00
