-7.121888988900424433e-01
-1.135423219872241152e+00
-4.711969158239369126e-01
3.405798223506025790e-01
-1.804440420111873333e+00
-5.108256237659907217e-01
-1.392901654240589515e+01
-5.455523284984410415e-01
-1.309210638104644708e+01
-4.430345996283694632e+00
-1.797571771701061305e+00
-6.843299871666497225e-01
1.603653727833189990e-01
-9.135924587881738557e-02
-4.799263551612825474e+00
-4.954078519582275075e-01
-2.774021646341365610e+00
-9.384106299208123669e-01
-2.266438460209396488e-01
3.504989797103476995e-02
-1.031096538075447544e+00
-6.948867419028500469e-01
