-6.664617312682264982e-01
-7.270008380760508704e-01
-5.532381792643005225e-01
6.055787587450316423e-01
-2.264370896126402855e+00
-1.809456906913746055e+00
-1.781625652349262845e+00
-5.293276364976752246e-01
-4.786837395879703361e-01
-2.613201882233133141e-02
-3.708298705957696839e+00
-2.135414247793389286e+00
-1.173897330849499765e+00
-1.369283841987221972e+00
-2.161998832736374165e+00
-1.486698311132713668e+00
-2.332071238850693007e+00
-1.163347213179450890e+00
-9.810297361487081425e-01
-8.584003480303478151e-01
