-6.473457804517411818e-01
-8.086230398359151028e-01
-6.222660836038563792e-01
6.976884566813272848e-01
-2.214049968103792843e+00
-1.196957358976973751e+00
-6.450554602337261745e-01
-1.044620523366334597e+00
-7.528316504196137515e-01
-7.655148055061656853e-01
-2.434835588808742735e+00
-1.177652791734417725e+01
-8.554666033336668640e-01
-6.992696500180400898e-01
-1.106054730154012233e+00
-9.542372774345773134e-01
-2.592049426742355500e+00
-1.070556772584286609e+00
-2.164181223664408904e+00
-1.460472348846053370e+00
-1.326149046365497908e+00
-9.000382406094955545e-01
