-6.396195545071645672e-01
-7.965285590590286402e-01
-6.050086876644139577e-01
5.596591040941194528e-01
-3.240025739719827769e+00
-2.136042619246168783e+00
-4.997324295788135373e+01
-2.453594849437405467e-01
-1.685539185778793936e+01
-8.876657350504751909e-01
-7.487321302445878457e-01
-6.921895112776985659e-01
-8.175374735414823180e-01
1.259487192175009485e+00
-1.522841059657051632e+00
-1.594385817240323799e+00
-1.197228729435051520e+01
-1.646156018036497581e+00
-1.981319538809334091e+00
-2.245676975233484640e+00
-1.845300754856778358e+00
-1.295804657918254499e+00
