-5.639111180328975070e-01
-8.482269415037881899e-01
-5.420779681971650277e-01
4.546513271802495315e-01
-1.769090114433639060e+00
-6.076351543233422525e-01
-3.341120568423994186e+00
-8.579669817303989809e-01
-1.124007614030824609e+00
-7.845633567458063506e-01
-8.476457668632901843e+00
-2.646620476408099609e+00
-7.845633567457431790e-01
-5.298317366548036311e+00
-1.275821574908001965e+00
-1.480015957023834428e-01
-4.474386123258999426e+00
-1.069068314987964508e+00
-1.562006305123184724e+00
-1.710844437702048859e+00
-8.660591004321828434e-02
-9.084933904595696719e-01
