-6.596282610627375309e-01
-6.439946562541311037e-01
-5.565504910638745528e-01
5.987722584469682419e-01
-5.108256237659907217e-01
-1.481997920998311358e+01
-1.877090424406743896e+00
-4.036464985471292621e+00
-3.126489687326889921e+00
-4.235657853833452613e+00
-2.234066257428630298e+00
-2.237341081956285116e+00
-1.792324590194237732e+00
-1.460733718443526641e+01
-1.697482154002076582e+00
-1.443665614058971691e+01
-2.598542439769481849e+00
-1.787770062539535409e+00
-1.532281359691803457e+00
-1.189294146154380671e+00
-2.756917085505352194e+00
