-6.920957127821432131e-01
-8.759869268589028923e-01
-5.157841662405450167e-01
5.431115607064204154e-01
-2.727805102335561838e+00
-6.199673748253915484e-01
-2.502064260829766962e+00
-3.008077406733250525e-01
-1.206264245913366340e+00
-2.571462479084582586e+00
-3.235283984255580503e+00
-3.661102095317198657e+00
-6.493899410787289384e-01
-6.542221898432052374e-01
-2.761758805976581410e+00
-1.527139464752253595e+00
-6.620545947325157110e-01
-1.632646805917010058e+00
-4.294599658965370104e-01
-1.326202799821261546e+00
-1.380830122328662091e+00
-1.415052074509956626e+00
