-6.839020689868878788e-01
-8.218919806122984006e-01
-5.099792060574309671e-01
4.285802661408938397e-01
-2.664349303029271532e+00
-5.108256237659907217e-01
-2.979608303684413873e+00
-5.444510689846696616e-01
2.794954890617629140e-02
-2.873863287957207024e+00
-4.030316036842374494e+00
-2.911516132287785386e+00
-1.098223015643744471e+00
-2.382430700797225354e-01
-1.703653223069659051e+00
-1.452525043726006881e+00
-3.089360298715977837e+00
-1.452896698993329849e+00
-4.868342174663040645e+00
-7.810120129004262113e-01
-1.362494855219366752e+00
-1.651874015191652889e+00
