-6.880189360634613172e-01
-8.200131552685850922e-01
-4.870399241023834480e-01
7.124768968909127587e-01
-2.078469760465354366e+00
-5.108256237659907217e-01
-1.588222971464326561e+00
-7.049418921191032972e-01
-6.102321873168258248e-01
-1.355302634003819673e+00
-3.465179288564285809e+00
-3.645925058392886609e+00
-8.965033576387261283e-01
-6.474316369280133099e-01
-1.400919220300759438e+00
-1.204550381420687932e+00
-3.061871930795648566e+00
-1.110856282181172494e+00
-1.785706585031785032e+00
-1.831103200234643680e+00
-1.022297376401256619e+00
-1.141362749114411379e+00
