-6.814273016093145285e-01
-7.856468261291433830e-01
-5.371790318054984192e-01
6.138751483381867935e-01
-2.869209323854662763e+00
-5.108256237659907217e-01
-2.435910709404353280e+00
-4.801567878576289417e-01
-1.056283831622504721e+00
-1.867741702339589027e+00
-3.303585789879099899e+00
-3.778016002875721480e+00
-7.767079215274357296e-01
-9.450645592967602537e-01
-1.480235446021168633e+00
-1.408589204345813251e+00
-2.628352734385746903e+00
-1.643007259021628697e+00
-2.259300060831425760e+00
-1.599458110258544341e+00
-1.037910036636940259e+00
-1.223956638854600598e+00
