-6.531314471645156550e-01
-7.800194106205686762e-01
-5.121767932526122280e-01
3.449387143842323478e-01
-3.249423089533162834e+00
-1.411471692537219269e+00
-2.588861500283484052e+00
-9.450161301108096490e-01
-1.524641633436643939e+00
-1.624342436477871354e+00
-8.203924717994039995e+00
-2.339123140841631976e+00
-1.334079323963148545e+00
-6.200474366014780969e-01
-2.061208988524299457e+00
-1.715318705927802556e+00
-1.049927265237212382e+01
-1.697007100682113023e+00
-2.067778297866945447e+00
-2.549785446984190518e+00
-8.344469868014906533e-01
7.085563744730948299e-01
