-6.928652336488808627e-01
-8.860846323731859098e-01
-5.265783224071923785e-01
6.604399778175926716e-01
-2.803834499804078284e+00
-1.205517859384519941e+00
-2.771832568382672335e+00
-2.254355308556624526e-01
-9.879904284956267935e-01
-1.341372845746259701e+00
-2.854173047133496066e+00
-3.032976833697957897e+00
-9.128710880547521445e-01
-8.987100775024250421e-01
-1.521573216309689558e+00
-1.664909264429231595e+00
-3.044370253898303069e+00
-1.825686478829988912e+00
-2.463329736805941916e+00
-1.896800226911660170e+00
-1.283589192509565713e+00
-1.357917464054138268e+00
