-7.136474024910225422e-01
-8.254401170623831829e-01
-5.407474733454168403e-01
5.842819486307898602e-01
-2.247424656347543959e+00
-1.666478788738829708e+00
-1.772266717249887380e+00
-9.175583979596190209e-01
-1.381764863820284850e+00
-1.597557436995693525e+00
-4.149800245898486395e+00
-2.923072707893943800e+00
-9.281195875190785261e-01
-2.394307475673919106e-01
-7.117233374735586482e-01
-1.064247730371820522e+00
-3.210704570565631411e+00
-1.535581576516530822e+00
-1.174167710925148045e+00
-1.277318535986074810e+00
