-6.028568590541859562e-01
-7.828239703061290466e-01
-6.253781542364442725e-01
6.077408025728711083e-01
-4.245463998828823193e+00
-1.072819502359812915e+01
-3.331060073967153645e+00
-3.459466839890952272e-01
-7.380448800020169564e-01
-5.807270539883133686e-01
-7.862827333866697188e+00
-4.239584838471623485e+00
-1.332008089382619387e+00
-1.599339549670324878e+00
-3.684978279432801429e+00
-1.531315221190154174e+00
-2.481216738722918702e+00
-1.762499011117546255e+00
-1.018240971516430227e+00
-1.191492748867837959e+00
