-6.959984762311860473e-01
-8.975385100305502961e-01
-5.203342710027241136e-01
6.649485675392192707e-01
-2.850521830648658828e+00
-5.108256237659907217e-01
-3.604055703828169310e+00
-1.626542471670000545e-01
-1.065258178538229350e+00
-1.402294757264268554e+00
-2.716489113456805882e+00
-2.844995816340675443e+00
-8.100626009236275848e-01
-8.534709417256541863e-01
-1.476646818944126194e+00
-1.541906739846254482e+00
-2.970996748411435018e+00
-1.687807230802205183e+00
-2.316864097600957795e+00
-1.810111439428208957e+00
-1.163751623958175108e+00
-1.227456923444675940e+00
