-7.699279053966626707e-01
-1.038314640978561298e+00
-4.289762134106098745e-01
5.923677425731359580e-01
-3.119031946593833649e+00
-2.000063616317877102e+00
-1.153972274521065877e+00
-1.316951363668621200e+00
-6.753926414507001041e-01
-2.224270421186721247e+00
-1.306813536842271617e+01
-2.092596263994513262e+00
-6.951484639007640132e-01
-6.306750841643063987e-01
-9.716104382325904121e-01
-1.325164473312225422e+00
-2.227448796787709906e+00
-1.868658832077039644e+00
-1.293872508514328556e+00
-7.048942940435101168e-01
