-6.791988885790736230e-01
-1.144745143966729994e+00
-3.853634743667583296e-01
6.905856608808726982e-01
-3.682556259165877588e+00
-1.537013428495479506e+00
-3.330091823267618434e+00
-1.006591527861389279e+00
-6.008098839708360117e-01
-1.201949152169737189e+00
-3.443393560345711091e+00
-2.111180849942802418e+00
-4.561981934673535188e-01
-1.490542165133729835e+00
-1.936027752352829090e+00
-1.699241220538377117e+00
-3.104168019936314860e+00
-1.488681124883815432e+00
1.830935199634297739e+00
-1.802458501737249197e+00
-1.441919710212917538e+00
-1.051858085791398612e+00
