-7.373901537241016602e-01
-8.566849528561467642e-01
-4.529657624036598773e-01
8.169472427777497714e-01
-3.109801982347077942e+00
-1.385458926900399845e+00
-9.790642600287235986e-01
-1.538662617461718174e+00
-7.155342408342196814e-01
-3.807983128950648832e-01
-3.482946977091511798e+00
-2.988661590536948687e+00
-5.150344634869746807e-01
-8.392927981585157626e-01
-1.595024498445771544e+00
-1.627683051998242814e+00
-2.775906792580765448e+00
-1.660539271094535918e+00
-2.318708918999279778e+00
-2.290433164240560426e+00
-1.265830615623692035e+00
-1.339757998888692736e+00
