-6.805727154299002768e-01
-8.874901090443395590e-01
-5.447276899769994962e-01
5.887935124982185409e-01
-2.040376522341683874e+00
-1.371575400173737025e+00
-1.131260904991177707e+00
-7.772673386936952422e-01
-5.257406487442141119e-01
-7.341504217212185823e-01
-3.440155801968586058e+00
-3.132557019934393505e+00
-5.769306648619330069e-01
-7.127960693289652205e-01
-1.184601720390188628e+00
-1.319021979499340747e+00
-2.530881419232875018e+00
-1.363338096979802794e+00
-2.049518566355728932e+00
-1.819017300011012139e+00
-1.128283135506074508e+00
-1.188984193173389770e+00
