-7.086710208803221889e-01
-7.834386566512523409e-01
-5.286198326873622344e-01
7.766774025192199060e-01
-2.694173329645631387e+00
-1.111567314131494122e+00
-1.195164929768462336e+00
-4.978086171859650300e-01
-1.107539513858459390e+00
-9.212340598948512982e-01
-2.619575554224042868e+00
-3.925105738763209562e+00
-7.014649811308132366e-01
-8.947287904686364035e-01
-1.346892472149227027e+00
-1.578493607456810777e+00
-2.920392307753144845e+00
-1.202019575686747777e+00
-1.979902994958203433e+00
-2.045812906344171012e+00
-4.849678137356565610e-01
-1.218825823207287939e+00
