-6.628488706533032238e-01
-6.663107201618660991e-01
-7.039059496313473385e-01
8.250124216672420907e-01
-2.332677868131165511e+00
-1.719437679730278834e+00
-1.101221441947513258e+00
-6.452652589662909444e-01
-6.700209482257684090e-01
-1.467704077682691510e+00
-3.304120704856972512e+00
-3.327606275505860189e+00
-6.208781153760022375e-01
-6.526077437996975483e-01
-1.241548774220373907e+00
-1.227522755987936476e+00
-3.135620557190110791e+00
-1.472473762281650167e+00
-1.441653612900545944e+00
-1.853129389198237442e+00
-9.210916558066243320e-01
-8.585219390379311699e-01
