-6.616760748023091665e-01
-7.942597755181988184e-01
-4.874025249779956326e-01
5.236441304287825504e-01
-2.266122800464547282e+00
-1.112781269060143741e+00
-1.563292138921223318e+00
-8.687197889660094319e-01
-7.261261407098075216e-01
-1.652304640749969522e+00
-3.814254769733046224e+00
-2.951699141419682704e+00
-4.372742254375173165e-01
-8.692572980586342757e-01
-1.670626993455446740e+00
-1.217323122717494099e+00
-9.271571854309179628e-01
-1.437963583378529142e+00
-1.837103585183087695e+00
-1.547376956705950102e+00
