-7.268399959965572421e-01
-5.000000000000000278e-02
-3.023674822560068698e+00
2.710193006155753315e-01
1.405222457000124159e+00
-4.306090525192958207e-01
-3.646537804275999939e+00
-3.852326454270725176e+00
-3.601605611938972107e+00
-3.956238058274010871e+00
-3.922164335087381382e+00
-4.261722240275704898e+00
1.197363236432194000e-01
-6.053357484035077896e-01
-4.354433446186190437e+00
-3.119726054747893329e+00
-4.472898927303168293e+00
-2.281389373226397232e+00
-3.114434525430531675e+00
1.836328976215359621e+00
-1.380699826166766009e+00
-1.347551341716027196e+00
