-6.793126473291956069e-01
-7.847113112520328615e-01
-5.443343927199110199e-01
6.323588646343614172e-01
-2.817003444922561162e+00
-5.108256237659907217e-01
-1.919277401031638908e+00
-5.854717431400628946e-01
-1.058507171606220210e+00
-1.845760109339593003e+00
-3.370695039198817522e+00
-3.818646954811057981e+00
-8.336212778040336113e-01
-9.978328140013020819e-01
-1.531281291141391554e+00
-1.476913800892587725e+00
-2.704483652323238729e+00
-1.745021701160778926e+00
-2.375038192948462967e+00
-1.667562976414310061e+00
-1.101785093574804364e+00
-1.305033938597319532e+00
