-6.808595749179037204e-01
-8.107377239579124373e-01
-4.448863191139025286e-01
7.388723514381616564e-01
-2.383130891625753645e+00
-2.727234943422176983e+00
-1.343916204465665842e+00
-8.532170761804468428e-01
-5.656230256366756581e-01
-7.771252452101846675e-01
-2.602695441559725431e+00
-3.167389301461424722e+00
-3.150678601097754994e-01
-1.412859136538760843e-02
-1.041503897758428332e+00
-1.275132463903767777e+00
-2.261146612591257821e+00
-1.463503545564665442e+00
-2.143653332075981854e+00
-1.546671245378986814e+00
-4.860133055509813782e-01
-7.997922620273848482e-01
