-7.502998600140511343e-01
-7.232947520957160314e-01
-7.345657146564167350e-01
7.754245513861325323e-01
-5.108256237659907217e-01
-5.764047864534058263e+00
-1.868436171281429026e+00
-2.632887175885763043e+00
-3.167706760984499770e+00
-4.053956240629168484e+00
-4.956113169610940616e+00
-1.561332561581954437e+00
-1.834773561558073363e+00
-1.286358697137814211e+01
-1.948686519233998382e+00
-2.347624328928837656e+00
-1.214834320644787358e+00
-1.393221547466672705e+00
-2.074992271266767663e+00
-1.770323981648388223e+00
-1.987030307065643653e+00
