-5.977489595288917323e-01
-6.037742819612667011e-01
-6.198068447789865099e-01
6.581098530189881668e-01
-2.222491435201981336e+00
-1.574069755360053335e+00
-2.254538913162802416e+00
-4.977325362356329053e-01
-7.045625008384925891e-01
-7.892574941475795747e+00
-3.045627957621420911e+00
-2.946791664545529876e+00
-5.775261112167595634e-02
-2.716710882431107033e-01
-4.575256357572172305e+00
-1.241765806894501667e+00
-3.400942204625936771e+00
-1.491701429229157050e+00
-7.511143443689000110e-01
3.405883164916377326e-01
-1.194884774781898917e+00
-1.010337923417487183e+00
