-6.164593436607207488e-01
-7.721074897895279232e-01
-5.124994655199396343e-01
4.707564315924008258e-01
-2.583492357880422308e+00
-1.566694639827127311e+00
-2.408006028122386954e+00
-1.255160379280842342e+00
-7.557109608700178782e-01
-1.915873857275171011e+00
-4.632882628711533890e+00
-2.844463587878193866e+00
-8.318746541064516720e-01
-9.657726236098840289e-01
-1.141789765276568280e+00
-1.600062662790283863e+00
-3.159266323329923853e+00
-1.462082774178925959e+00
-1.112757100889191886e+00
-7.159143050815065523e-01
