-6.801510509648638347e-01
-8.667223468588955981e-01
-5.293317452749460861e-01
4.914530794337632069e-01
-2.452860710463751648e+00
-7.644026098305675143e-01
-1.151767778286075483e+01
-5.510517431375590025e-01
-4.098863549971334841e+00
-8.631190871287024446e-01
-7.901605384946247534e-01
-7.519415676644525259e-01
-1.005719102096078066e+00
-1.059741361985436114e+00
-5.938414684207288019e+00
-1.268938898219798217e+00
-3.240663017733752760e+00
-1.596724637588786466e+00
-1.342259805503825731e+00
1.209526378578015676e-01
-1.129874590423254777e+00
1.973171848511956206e-01
