-6.136845194220578170e-01
-6.768438020349109019e-01
-6.210941043348261470e-01
6.124272539816622007e-01
-2.462085269356471429e+00
-1.382231226294112103e+00
-1.062964743528326927e+01
-3.223513339885113183e-02
-6.642006736586624216e-01
-2.320945465145045628e+00
-3.476282950060643362e+00
-2.642053629127753211e+00
-3.760535973368810958e-01
-4.753154866592819161e-01
-1.588004394960261356e+00
-7.070781283675565965e-02
-2.944208900130726558e+00
-1.429229763879145576e+00
-1.855348975253836352e+00
-1.660709423136394802e+00
-1.123766475093378459e+00
-1.030122554539202762e+00
