-6.984198838309392254e-01
-7.929808379653827677e-01
-5.215487011345530943e-01
6.125111018189982603e-01
-3.281207207074163801e+00
-1.920532793278326267e+00
-1.578738836722102912e+00
-5.334177517564423487e-01
-1.061121876178767964e+00
-1.105885064223303571e+00
-2.942899132637775139e+00
-6.356902921618917901e+00
-7.653449753716454751e-01
-1.183393178409034130e+00
-1.983301348196276015e+00
-1.640357007065668116e+00
-4.093227889632642835e+00
-2.119517571813487322e+00
-2.432335763260354611e+00
-1.922851922511573219e+00
-1.702129082577246155e+00
-1.240554685775166810e+00
