-6.800873102189620711e-01
-8.664162262276476900e-01
-5.293944888769047674e-01
4.914705009790262813e-01
-2.452818605235174587e+00
-7.629373993277196453e-01
-6.040718812935078397e+00
-5.531748672445099269e-01
-4.158889854877367398e+00
-8.657171384374502399e-01
-7.899844577180019645e-01
-7.536529704323160495e-01
-1.007462791988297468e+00
-1.059367275754189430e+00
-5.840367875369358863e+00
-1.269089377348936898e+00
-3.239792986264712571e+00
-1.594263945790443504e+00
-1.343494859386016982e+00
1.204516012865502889e-01
-1.131349056119611562e+00
1.969615377358063524e-01
