-6.808918128256944424e-01
-8.006800850228791289e-01
-5.080716838220992182e-01
6.290191251008619977e-01
-2.084998272978098477e+00
-5.108256237659907217e-01
-2.242424452606183394e+00
-5.809111573271185103e-01
-5.418640670812163718e-01
-1.399321313878678641e+00
-3.486240073387726124e+00
-3.012286968312103408e+00
-5.678779760172829594e-01
-8.596954104617199333e-01
-1.369115610650867509e+00
-1.193072842324398142e+00
-2.409244796281589718e+00
-1.089270567304748472e+00
-1.516988244185885737e+00
-1.387276112988693466e+00
-3.116574687102650065e-01
-7.525654230099612096e-01
