-6.065725354734191610e-01
-6.947654683177348911e-01
-6.186643745597897315e-01
6.097379478523409224e-01
-2.126268714043608288e+00
-1.677246994731601770e+00
-4.362801482471519776e+00
-3.017737493902578061e-01
-2.725354076041604512e-01
8.993680911419745655e-03
-2.877416278851366194e+00
-2.791255985240522541e+00
-1.485076989153765625e+00
-1.096333560059208789e+00
-2.964080155671603656e+00
-1.311498851732123549e+00
-1.980625223688720515e+00
-1.752924198196883054e+00
-9.904669491919505520e-01
-8.023120510759459423e-01
