-6.760163763541644499e-01
-1.134928521157543946e+00
-3.837718120803354505e-01
6.562135240508941703e-01
-3.492835444241038978e+00
-1.184664544770509975e+00
-1.913918142537537648e+01
-1.024854174907533055e+00
-8.380010545423164370e-01
-1.717630881162197642e+00
-1.251053764661660317e+01
-1.490662212481513205e+00
-3.146409478611354449e-01
-1.014978091192349163e+00
-2.002131320524895841e+00
-4.369062541786182807e-01
-2.961204283490835643e+00
-1.656823701711699570e+00
1.652371325521644785e+00
-2.196713497435047291e+00
-1.397864726845375216e+00
-1.176786358883875838e+00
