-6.540666101910596053e-01
-8.921662128181261364e-01
-4.811147655281901026e-01
8.410975616637099694e-01
-1.476634373348970408e+00
-1.886593660021449015e+00
-4.423306677300335998e-01
-2.764793763769615720e-01
-4.310803720481873325e-02
-1.324354050420789131e+00
-2.441311338058455682e+00
-3.263837973915079349e+00
-2.408790007341996831e-01
-9.949808793799844731e-01
-1.312849406587581758e+00
-9.209456563334453838e-01
-2.572724415890339511e+00
-1.088525894849277087e+00
-1.628165000239786275e+00
-1.080909592899674365e+00
-5.056726626610316133e-01
-6.407025189947878063e-01
