-6.752109416923832708e-01
-6.920895550684004194e-01
-5.393853141267221929e-01
6.324254096819827975e-01
-1.753426557607054459e+00
-1.838149826202709614e+00
-8.652905971623188197e-01
5.578661271087387297e-02
-5.011913628096782425e-01
-1.288327978221460501e+00
-2.324889456634302576e+00
-2.953120979200418272e+00
-7.133106508118586264e-01
-7.509433285370308298e-01
-1.071746482503461051e+00
-8.355539367221529456e-01
-2.354008531697443285e+00
-1.053390103163359459e+00
-1.653250653137553039e+00
-6.751015942024773953e-01
-8.058981529420359280e-01
-4.583789221919960521e-01
