-6.357048465044972119e-01
-7.679339156126717691e-01
-6.315103213717426778e-01
2.198202240004637487e-01
-2.109672149849588507e+00
-3.336482022818433313e-01
-4.088027314777953336e+00
-8.076657467448119521e-01
-2.747454472134254200e+00
-2.364043006719304341e+00
-2.900312169158076880e+00
-2.017478462200149814e+00
-1.598094101780856313e+00
-1.866703192804074929e+00
-1.515056399571263590e+00
-1.220780375242009885e+00
-5.952797934514155287e+00
-2.460584879331293884e+00
-3.054164976126400255e+00
-1.676677402973656861e+00
-1.124847874373593903e+00
-5.243109984101195220e-01
