-6.541553346612429820e-01
-7.429714481383589142e-01
-6.212376465897295752e-01
7.017655480467481777e-01
-2.040045758301500367e+00
-1.787073455833416924e+00
-8.880495095769850300e-01
-5.392491561273606848e-01
-1.155127630348260270e+00
-1.696458990116731513e-01
-3.350015518286795668e+00
-2.373316463729888248e+00
-1.316432512445296688e+00
-1.254839858807194064e+00
-2.567430425248582004e+00
-1.596367224501419546e+00
-1.851077993585243497e+00
-1.818192679133008527e+00
-1.055680723893986706e+00
-8.528211923994802879e-01
