-7.105078577326681133e-01
-7.218746535118648611e-01
-5.908108802506556456e-01
4.619011175177768491e-01
-3.367283214263139257e+00
-8.377011643026975873e-01
-2.844773492946325533e+00
-3.311947081965336825e-01
-8.873031510572888525e-01
-5.927403147188377019e-01
-1.067187635349893604e+01
-2.941616052981253393e+00
-1.392021343446455894e+00
9.837567201000424477e-01
-2.599786533585356496e-01
-1.412142037765725444e+00
-2.939806262099135203e+00
-1.579068627783327905e+00
-1.442186439681655941e+00
-2.424604820741410816e+00
-1.008227203003572020e-01
-1.489575058556918297e+00
