-7.353286485026208075e-01
-8.555603403713868405e-01
-4.598959784455911026e-01
7.412859098582817996e-01
-2.757927969652504530e+00
-5.108256237659907217e-01
-1.908139389614383008e+00
-9.033205003483452122e-01
-1.239372916118171464e+00
-5.443527052223534612e-01
-1.301885046983107408e+01
-3.329114805178696290e+00
-5.227628798812402611e-01
-8.487465144710191201e-01
1.759482544799707560e-01
-1.397086110288725314e+00
-1.161371112000009198e+01
-1.316919041740858498e+00
-1.967800655819535116e+00
-2.583057408140370104e+00
-1.098889692256409978e+00
2.752284005499378572e-01
