-7.374231003258419070e-01
-8.565488375651904018e-01
-4.527476371225009899e-01
8.172891089343979898e-01
-3.109339919591566748e+00
-1.382041794964525394e+00
-9.759486802344999878e-01
-1.543971624206023963e+00
-7.156415171232776151e-01
-3.819655047610683862e-01
-3.479634592944868210e+00
-2.992779810720154199e+00
-5.156772105138041074e-01
-8.380597455577609711e-01
-1.594732126808681594e+00
-1.627509904961095710e+00
-2.777839740143277059e+00
-1.661594445492262873e+00
-2.319235197427838902e+00
-2.292265307963534227e+00
-1.265114056255296493e+00
-1.340653763982371904e+00
