-6.645059107189853487e-01
-7.625023875261872641e-01
-6.357139978519001922e-01
4.490452832746005818e-01
-2.015775400507441972e+00
-6.542759176973591551e-01
-2.196720933386744345e+00
-6.798910985716333233e-01
-6.090162264362124489e-01
-2.693367422019959267e+00
-3.427414385731565982e+00
-4.254570805290317281e+00
-4.857174099670583112e-01
-2.397823461681951041e-01
-3.042898023633891835e+00
-1.415822172539084267e+00
-3.260364975738515358e+00
-1.479792820167098899e+00
1.505271506702375028e-01
-1.060811766913638099e+00
-6.816871649693739821e-01
1.718122270897716741e-01
