-6.972645622211947058e-01
-8.417468958935609979e-01
-5.531863556308722618e-01
6.383588400393308548e-01
-3.096296107381247609e+00
-1.509681239848462919e+00
-1.473439571002452597e+00
-4.320664452396133504e-01
-1.113308324918994785e+00
-1.424134941824760192e+00
-3.666991478304707286e+00
-3.364053803903527040e+00
-8.262402367859893459e-01
-9.642327104065585575e-01
-1.482289542339947808e+00
-1.472381543534581949e+00
-3.022754433557263809e+00
-1.738229054066639412e+00
-2.279230873513027777e+00
-2.178123521462039136e+00
-1.370200021861163187e+00
-1.099304377981003000e+00
