-6.974764346164022966e-01
-9.567215481144913936e-01
-3.563072033072464118e-01
5.958802278230356242e-01
-2.670597552394797791e+00
-4.779090042861872112e-01
-6.551289007635169526e+00
-2.217632456382052641e-01
-6.576323064070788149e-01
-2.330692905143915361e+00
-1.032615631158504321e+01
-8.106438072654340132e+00
-6.909773506067907745e-01
-7.212661727893661390e-02
-3.417859794003332841e+00
6.695345129227632530e-02
-8.639784928336487368e+00
-1.446830643679001271e+00
4.636814093236915624e-02
-1.468168464189141043e+00
-1.408720132007408088e+00
1.007046082263212128e-01
