-6.946967954862934835e-01
-8.297158379639772985e-01
-5.471754289091340651e-01
5.282642044216351307e-01
-2.891924773422787531e+00
-9.890525664138519746e-01
-3.474278279939216674e+00
-2.826593178426958231e-01
-1.055015254623782317e+00
-3.827622236704011360e+00
-6.173904293351375472e+00
-2.965633763811892809e+00
-5.280217920748861982e-01
-4.152533909318102956e-01
-1.525953102568547326e+00
-9.746357382022768912e-02
-5.344822120105028773e+00
-1.663077517473077194e+00
-2.282006605511445407e+00
-2.306844884663688422e+00
-1.374121507912185125e+00
-7.374341513292875794e-02
