-6.803957130169073775e-01
-7.977380002256035940e-01
-5.160200160260380864e-01
4.198637541588088329e-01
-2.646701790186821501e+00
-1.409022422586464929e+00
-2.402548326459239991e+00
-6.648721080740647160e-01
2.715269686259205381e-02
-2.913389162385910502e+00
-4.084125521177749185e+00
-2.966689648464246432e+00
-1.055012663429459430e+00
-2.567482122937658207e-01
-1.820783678797601501e+00
-1.545097048387358729e+00
-3.229165603106400884e+00
-1.544647628675590578e+00
-6.036831838925292182e+00
-8.243391608108213697e-01
-1.504907350840687386e+00
-1.693780239469232285e+00
