-6.813886304392213766e-01
-8.453892794297066526e-01
-5.453721643164477495e-01
7.471149926153410892e-01
-2.383643684523912842e+00
-1.525669574895604175e+00
-1.662345793705353403e+00
-7.528078616489318753e-01
-9.655203515404988668e-01
-1.201877401039804116e+00
-2.828517005979585441e+00
-2.530113041527074280e+00
-4.338036850837486691e-01
-1.012181202252801615e+00
-1.296785871382130528e+00
-1.155844572007264093e+00
-7.680736584065185335e-01
-9.400706418581920021e-01
-1.742535411980752125e+00
-1.485291917518811733e+00
