-6.341296715537474427e-01
-6.943398871095837199e-01
-6.734483352169012838e-01
4.845684024586524030e-01
-2.328828587155366225e+00
-1.409587863776449845e+00
-1.384266211954122916e+00
-5.790648343576954016e-01
-1.111989371386047809e+00
-2.070683548381410333e+00
-3.227355606938755450e+00
-3.021412585756766855e+00
-8.224472717588685589e-01
-9.465250144370224161e-01
-9.913403247154672915e-01
-1.098509810633736317e+00
-2.752644773895275954e+00
-1.488333718684593077e+00
-1.140325183419679256e+00
-1.112159078535612355e+00
