-7.396814961862804294e-01
-8.390408123184703859e-01
-4.675842669864371248e-01
7.846261621415429044e-01
-2.670523393035531878e+00
-5.049583084585007597e-01
-1.009723430798780797e+00
-1.845199113621258880e+00
-9.769351927175111694e-01
-6.222509325651496281e-01
-1.008772351748055485e+01
-2.702189710487667984e+00
-6.663101407540988896e-01
-1.089915734060184604e+00
7.189708928616261874e-02
-1.921618116244652619e+00
-3.871384379264197317e+00
-1.681658971209019304e+00
-2.247559068880969235e+00
-2.726923490899771263e+00
-1.379757384835702760e+00
1.395108446900343024e-01
