-6.806602000303412225e-01
-7.953814048529882497e-01
-6.237611099966489103e-01
4.600546799568063783e-01
-3.413168204794259974e+00
-1.706389774491174904e+00
-1.520654601509722070e+01
-1.167882073495529749e-01
-1.478475199074682678e+01
-1.359922753750433255e+00
-1.220782071729183471e+01
-1.300214453732471354e+00
-6.094469703435768659e-01
-8.389666025067553656e-01
-6.307226558211566747e+00
-7.167292193241088238e-01
-2.976875517991230513e+00
-1.528341788856802053e+00
-7.999429571531191385e-01
-8.451498337310517917e-01
-1.651529071280075645e+00
-8.903709465493665487e-01
