-7.136189142143229969e-01
-7.834067615600540657e-01
-5.216843679249199006e-01
7.616544858347282787e-01
-2.734691198923650202e+00
-5.108256237659907217e-01
-1.958242320212540744e+00
-2.518347060346592947e-01
-1.372068128220539585e+00
-7.935392946699377781e-01
-2.668061683377729754e+00
-3.550501833880272518e+00
-5.751604584980894996e-01
-8.013205282306081756e-01
-1.281057596330669623e+00
-1.492180174243424862e+00
-2.925226799542158584e+00
-1.118032573834787602e+00
-1.848120506216094361e+00
-1.984693362089497093e+00
-4.079666946537815475e-01
-1.122773171563624217e+00
