-6.920895707255686480e-01
-8.760372765667624462e-01
-5.157707159188814616e-01
5.432802506990808133e-01
-2.727775601858761334e+00
-6.201311065777043163e-01
-2.501459443195258370e+00
-3.003764696912359922e-01
-1.206278869999516834e+00
-2.571100966236723018e+00
-3.233291498908908768e+00
-3.664713603064994274e+00
-6.494567527364963899e-01
-6.543453355541620775e-01
-2.757128082716714168e+00
-1.527231457761182742e+00
-6.617511941809561815e-01
-1.632613331176290483e+00
-4.294552332883510015e-01
-1.326965129443209657e+00
-1.380784713306568934e+00
-1.415087245875057409e+00
