-7.411385764148319399e-01
-9.529516654645113771e-01
-5.235325508361100555e-01
7.200973727030042237e-01
-2.428816841560188955e+00
-1.470298280745080843e+00
-1.110054747219344495e+00
-1.378101346244372749e+00
-3.764522273482375225e-01
-2.035965819622005402e+00
-3.398635951847086556e+00
-2.343694467701853412e+00
-6.601065752224668515e-01
-9.366850047307977434e-01
-1.378839435126665292e+00
-1.438573832296529131e+00
-3.011606593364722695e+00
-1.301614672619276547e+00
-1.945604112164867949e+00
-1.567396259672067194e+00
-1.190522679797801686e+00
-9.589554175151125959e-01
