-6.440449912757637563e-01
-8.083698547581765759e-01
-4.814107702562480107e-01
6.560397121428009903e-01
-2.075242772558390847e+00
-1.853099528659138739e+00
-1.163648680278456915e+00
-6.508705008990286478e-01
-3.153268535126415584e-01
-5.292908675334424551e-01
-4.127422900239205106e+00
-3.099254614378771588e+00
-6.475676570604811388e-01
-5.431706128444733217e-01
-1.436942420606289739e+00
-1.261799406959319025e+00
-1.121207893581721127e+00
-1.652815054745519152e+00
-1.735097752909602109e+00
-1.303164571812997163e+00
