-6.829178019822195189e-01
-7.954536416699699020e-01
-4.763113868008769791e-01
6.254970411984123180e-01
-1.952768279724793166e+00
-7.143030488847210702e-01
-1.548587490668181577e+00
-6.646470727303765980e-01
-1.544517110747081756e-01
-3.678065958992929652e+00
-9.215884706486226818e+00
-2.626326926183119248e+00
-1.654924943633913070e-01
1.481999855243987772e-02
-1.543875866430893584e+00
5.080023102687926118e-01
-3.048232413271032559e+00
-1.213609511674848207e+00
-1.974598924325390747e+00
-1.483648261374078903e+00
-1.139907158560176326e+00
5.117542298799167000e-01
