-6.955722799497024988e-01
-8.698341896249736083e-01
-5.336796684114000211e-01
5.956298818168459519e-01
-2.689542413039437196e+00
-5.108256237659907217e-01
-2.415956671101170183e+00
-5.691557562918031499e-01
-6.124341699881277190e-01
-1.439863038980433441e+00
-3.278771912495374696e+00
-3.030411419806886553e+00
-8.325564895489029338e-01
-9.525089538638605857e-01
-1.531990398848443125e+00
-1.206170444309260459e+00
-2.697133456234718452e+00
-1.412868948565690674e+00
-2.042930974266992994e+00
-1.504259109526270732e+00
-9.624513466384633231e-01
-8.123004898652228523e-01
