-6.659264217799991670e-01
-7.752020032646661507e-01
-5.256356739875842621e-01
4.988194745667299257e-01
-2.901544888773227804e+00
-2.149938214912402223e+00
-1.483452032244367391e+00
-1.208089571744253021e+00
-1.034531709180882331e+00
-1.548571116834440042e+00
-3.701924488552127190e+00
-3.014306691091245050e+00
-8.304722902079606506e-01
-4.007984170792489587e-01
-9.672616159303178973e-01
-1.564214543907544108e+00
-3.176717853190721197e+00
-1.855206783182845598e+00
-1.325124427932843574e+00
-1.202303483521124150e+00
