-6.892157578519453320e-01
-8.096754323896058203e-01
-4.400026967918038712e-01
6.734118993610491710e-01
-2.420522934084592848e+00
-1.302785686568606938e+00
-1.185340121319480744e+00
-8.898137999525423947e-01
-8.118942221576785911e-01
-7.173004725103013790e-01
-1.181833116596323485e+01
-3.013865618280770597e+00
-3.396413695493398222e-01
-3.989327094961241799e-02
2.885569218641793054e-01
-1.165108077649410045e+00
-1.175045516133851464e+01
-1.374585764278026367e+00
-2.043825611174631351e+00
-1.754742326914570549e+00
5.152935009024599555e-01
-6.777609541499332035e-01
