-6.055932788806855926e-01
-7.048419613052148147e-01
-6.132194843698245412e-01
5.497545351587892482e-01
-2.116463366885890096e+00
-5.108256237659907217e-01
-1.003430286683282802e+01
-1.776561198047802159e-01
-2.329447152698153611e-01
-3.093358512577438990e+00
-4.888469243646870410e+00
-2.473167614885019017e+00
9.451617965115456654e-02
1.419677335287610094e-02
-2.996003146708974718e+00
-1.245726192251007891e+00
-2.534752398768516102e+00
-1.577218067470950613e+00
-8.135056325724540072e-01
8.014086498188267571e-01
-1.000329708171622922e+00
-7.877392818136158548e-01
