-6.494712164394341736e-01
-7.709413904071961143e-01
-6.147520090206389787e-01
6.352499659599970538e-01
-2.959460202832101317e+00
-1.546423328769788164e+00
-2.518530069462508347e+00
-7.773932409521639997e-01
-1.495584065223190873e+00
-1.636108622879432373e+00
-3.212641400750928078e+00
-3.381987165664983586e+00
-8.198873760127430854e-01
-5.722881143941352944e-01
-1.669787902048511574e+00
-1.412809200775793528e+00
-1.417204596780787362e+00
-1.653820032416638774e+00
-2.192892804413872021e+00
-1.436455556494449226e+00
