-6.726968993023949572e-01
-7.717300141443071970e-01
-5.973422045708155492e-01
6.028140871575992099e-01
-2.079759047749570655e+00
-1.383231449728038909e+00
-3.368578570612639767e-01
-7.690100038494493973e-01
-9.467682798058054683e-01
-1.464145976789827941e+00
-3.086204003819625008e+00
-3.068692494407106341e+00
-8.177290795737118811e-01
-7.695109920957953209e-01
-1.352008837023593424e+00
-1.227811717200796515e+00
-8.292380175667573017e-01
-1.514729561239995803e+00
-1.826920251948193075e+00
-1.779344187102079644e+00
