-7.141716759395665415e-01
-9.307873380871689584e-01
-4.863045563900320611e-01
5.297985891016970816e-01
-2.163137645244914697e+00
-6.695079061687810862e-01
-2.216114938823449343e+00
-1.007038704282877395e-01
-1.959853844931015443e-01
-9.338314227910945675e+00
-1.230721562830621885e+01
-2.853597740307430186e+00
-3.342080132448134178e-01
-2.143474706727507839e-01
-1.727776487875976485e+00
5.699274600557947545e-01
-4.762897346795737619e+00
-1.554667881519049777e+00
-2.263090334301124606e+00
-1.050638887931363508e+00
-1.174749975348299502e+00
4.491635462437569282e-01
