-7.386441857779398878e-01
-7.446517976751898527e-01
-6.039512521544193602e-01
7.036497634398356515e-01
-2.722444607533033079e+00
-1.330501089096194356e+00
-1.641534741936658826e+00
-5.126243823142928591e-01
-9.232736489481774278e-01
-4.916902270894054627e-01
-3.357976067508353868e+00
-3.206362204865521370e+00
-1.629624766557161264e+00
-1.404607603062125065e+00
-2.899937220785857583e+00
-1.450031096530407737e+00
-2.038609742203818076e+00
-1.737019384613246009e+00
-1.126250164322065928e+00
-1.084339127467470965e+00
