-6.829940876697978558e-01
-7.954933885138216754e-01
-4.763673657541658280e-01
6.251235918077133746e-01
-1.952920764367539030e+00
-7.143708451461191489e-01
-1.551798647580393986e+00
-6.658294648023590501e-01
-1.547734300137994512e-01
-3.568345567955082842e+00
-8.668121581070908022e+00
-2.629859680925982435e+00
-1.669772442736398299e-01
1.398729201804559640e-02
-1.543159774919169669e+00
5.080093819182270876e-01
-3.046513098042163747e+00
-1.213092577450146647e+00
-1.975697623274919934e+00
-1.483056681202568727e+00
-1.140427347864398255e+00
5.113148415881119124e-01
