-6.470277819108307682e-01
-5.764920169285908669e-01
-5.660524419436674393e-01
8.577349086645685849e-01
-3.162251105213937930e+00
-1.919153661257883448e+00
-1.927859552420082112e+00
-6.024393410691741835e-01
-1.282597244018894189e+00
-1.538453050288146606e+00
-3.573847229783867707e+00
-3.429820523182941727e+00
-1.717760182601021812e+00
-1.321363977213191987e+00
-1.806699017414965525e+00
-2.146897238591734425e+00
-3.429820523182941727e+00
-2.429427122737920719e+00
-1.483407080119947041e+00
-1.684319355403725682e+00
-1.296422522044551773e+00
