-6.856719052275799253e-01
-8.096226881446773049e-01
-4.995771632793291062e-01
5.190431630228077298e-01
-2.956480144972015722e+00
-5.300118915447622481e-01
-1.438670894660046384e+00
-6.510330440360529991e-01
-1.173114105623505932e+00
-1.621766532867913213e+01
-3.103034782843804074e+00
-1.691283831486624223e+01
-3.732808915643981429e-01
-3.860799240328703918e-01
-1.425628327633793901e+01
-1.821711153278313455e+00
-1.215808379109611970e+01
-2.275267144506311734e+00
-1.839695422889005838e-01
-1.408895668651969357e+00
-1.850764222042146079e+00
-5.559872653708937407e-02
