-6.393425173434428288e-01
-8.229379794957524252e-01
-5.738837741859791342e-01
8.116192216416875382e-01
-2.628509462128599150e+00
-1.758167183897015873e+00
-3.962977670006930797e-01
-2.209276144881818116e+00
-5.003743780984674094e-01
1.916196899376162305e-02
-1.088679679017010926e+01
-1.173688845895696886e+01
-1.260504349146758241e+00
-1.391953760540102003e+00
-3.029077320550336072e+00
-1.584075073399342060e+00
-2.000067527876382201e+00
-1.662677574406825620e+00
-1.024425155312771230e+00
-9.668139852594396233e-01
