-7.065382603133069095e-01
-7.866974330115302783e-01
-5.453030218979458832e-01
5.303462368189352238e-01
-2.226387471333308277e+00
-1.355202137149824182e+00
-1.458494171918247817e+00
1.330300235947157461e-01
-1.103135713439746812e+00
-1.489031393824675753e+00
-3.262735441430115291e+00
-3.305382502772043818e+00
-8.819945870502682306e-01
-3.334870620819465059e-01
-1.486149577394085153e+00
-1.200277614676544591e+00
-3.149918252400230489e+00
-1.103433290368007080e+00
-2.002653798981331335e+00
-1.639325002453865698e+00
-9.622583863776287272e-01
-1.008354659148190891e+00
