-6.441661875039568219e-01
-8.294118250337607634e-01
-5.758892419414139985e-01
4.210882363678635776e-01
-2.101848684644159526e+00
-1.192603897856808315e+00
-6.172264429769326455e+01
-1.013084894121285551e-01
-7.872856410725987963e+00
-2.729520493898628164e+00
-4.025981707080349414e-01
-2.995707249292854923e-01
-1.031665947421120388e-01
6.411243631274915478e-02
-5.839250752838691660e+00
-1.278763498189665393e+00
-4.584391430574897619e+00
-1.550918720522477923e+00
-1.541206375004726903e+00
4.290136002077269972e-01
-1.277267559623593396e+00
-1.041624764480240772e+00
