-7.257967321565724772e-01
-1.093104682460455113e+00
-4.780015694684767169e-01
4.091056743948238705e-01
-1.891122886388026281e+00
-1.237807529609304513e+00
-7.411837131342643437e-01
-1.384278451278225797e+00
-1.142329776936121588e+00
-1.019877608153628046e+00
-3.256522742893224187e+00
-3.646595055166667709e+00
-5.005215050990190484e-01
-9.711823500812366561e-01
-1.154447953355409950e+00
-9.649640918610445928e-01
-3.490255640976474005e+00
-9.956192226577706972e-01
-1.329237341798254812e+00
-9.766776432035542133e-01
-1.112394686610696182e+00
-7.234200945703261887e-01
