-6.808562975814296259e-01
-8.107108487094968341e-01
-4.450300477300470625e-01
7.388994318901074276e-01
-2.382963638413585272e+00
-2.727186158188595666e+00
-1.343514496431645444e+00
-8.537754653869598087e-01
-5.659366520162318892e-01
-7.778000378654673641e-01
-2.602464974427390221e+00
-3.167536502755390337e+00
-3.147038654804542590e-01
-1.416310646843021645e-02
-1.041445149690369831e+00
-1.275307177390332392e+00
-2.261686698908627946e+00
-1.463126388643428921e+00
-2.143427026587579221e+00
-1.546760451859755081e+00
-4.857028255347508594e-01
-8.001452397989480270e-01
