-7.220957666353314819e-01
-8.397040639698875042e-01
-5.630248541046702915e-01
6.073451049501974452e-01
-1.952362831872487270e+00
-1.588021013329419695e+00
-1.379471260644647757e+00
-8.640356895371555934e-01
-5.206292047349787566e-01
-1.744343058410948277e+00
-2.477928539445187539e+00
-2.070877402580167281e+00
-3.810360155243011637e-01
-7.140962465157261185e-01
-1.540428228491019791e+00
-1.196842664609252704e+00
-2.581845204648187231e+00
-1.090347118601390664e+00
-2.388267039404332603e+00
-1.825593440902003151e+00
-5.519677293457765366e-01
-6.537090689206208616e-01
