-7.142242520125876570e-01
-9.308134133020722345e-01
-4.863232617422718063e-01
5.295426988901008603e-01
-2.163278777895121241e+00
-6.696104663143963576e-01
-2.222042136959864855e+00
-1.014129396471410982e-01
-1.954608384969731827e-01
-7.267888943002643209e+00
-8.944396480943096250e+00
-2.846320763309395652e+00
-3.341375522759085781e-01
-2.147580986132995029e-01
-1.730400411891329204e+00
5.702243862642472072e-01
-4.371547681495520088e+00
-1.556984118808382611e+00
-2.261843305670592663e+00
-1.050820192408320697e+00
-1.187187047152243879e+00
4.481375071506322749e-01
