-6.561611400699310925e-01
-8.179918615883716715e-01
-6.755348732727436412e-01
5.929732984936548768e-01
-2.198821233638946104e+00
-8.156235966037858054e-01
-1.040954906753374543e+00
-4.753160956843163198e-01
-8.110087676219890351e-01
-2.247587302226003558e+00
-3.264544342238686614e+00
-3.241062979472474570e+00
-8.863319522346057022e-01
-8.841078663968657825e-01
-1.614839926841775464e+00
-1.465792530084475631e+00
-2.846446385960924808e+00
-1.684929599224111563e+00
-1.811453913670877380e+00
-2.351228799534641034e+00
-1.035004292364778422e+00
-1.104245406479788194e+00
