-6.913408922348697194e-01
-6.286373208308103644e-01
-6.491119806051344199e-01
6.365369059826870846e-01
-1.695068813777138805e+00
-1.232783316856584488e+00
-1.351119811411030991e+00
-1.678712152751360875e+00
-4.491219995699113898e-01
-1.299528131643952422e+00
-2.614464068751483072e+00
-2.450351843987840006e+00
-9.643968149631532150e-01
-1.423963267334908522e+00
-2.849735006034043838e+00
-1.800394829601507318e+00
-1.271946426149433318e+00
-1.557744838548270172e+00
-1.271892231349157854e+00
-1.572935354857746049e+00
