-6.468380293571421857e-01
-7.353152475394285625e-01
-5.964644385666578730e-01
6.383850525410272869e-01
-2.985325010505276655e+00
-1.682372473858947393e+00
-1.508757216462940809e+00
-1.303060212805370766e+00
-9.974577565666357115e-01
-1.444670880389968159e+00
-3.356489615962088724e+00
-2.980833386920400230e+00
-1.498663998263796815e+00
5.829454182144740981e-01
-1.360141934444343281e+00
-1.770555288382221981e+00
-1.164707325140809768e+00
-1.691324727226701796e+00
-1.436369908292165043e+00
-2.133474457201009589e+00
