-7.429734088589940999e-01
-7.732419154642181658e-01
-6.456248107544777515e-01
3.990274865596740717e-01
-2.064749746251268725e+00
-1.008741733692011477e+00
-1.988275908710899431e+00
-4.052917869052871658e-01
-1.361089166094370917e+00
-1.411703813148947217e+00
-2.187441254098231092e+00
-1.166722542143276442e+01
-5.905083561999732167e-01
-4.474080707481542518e-01
-1.530141010716999261e+00
-9.050184283311244471e-01
-4.869004029658789978e-01
-9.186748778530829940e-01
-1.362885087776330106e+00
-1.822322169236388678e+00
-9.516661348908466156e-01
-9.793245474857722455e-01
