-7.227889893151778766e-01
-6.336977571904175432e-01
-6.493682363776531741e-01
8.888148945960169245e-01
5.309595886387192820e-01
-3.497257610307943132e+00
-2.608215851845779198e+00
-4.204215654286979742e+00
-2.946377336529309332e+00
-3.248667028257819833e+00
-2.722071562381582766e+00
-2.686671404555041498e+00
-2.333559304609452933e+00
-3.965057061759611479e+00
-2.845305155159199018e+00
-1.345955452219222082e+01
-2.833439449087704620e+00
-3.132053349690639976e+00
-4.623335129273193900e+00
-2.516764838566467599e+00
-1.462537328886363897e+00
