-6.650825532732907996e-01
-8.737860229878239293e-01
-4.738277965000456948e-01
5.119680738722344193e-01
-4.806889582347302792e+00
-1.382087683899259289e+00
-1.097365774995327614e+00
-1.528604294541236364e+00
-1.669427433849492770e+00
-2.069284202371792780e+00
-2.555980555967249490e+00
-1.266989292369675901e+01
-4.771427011589664535e-01
-1.076877350842007974e+00
-1.056584961696996894e+00
-1.674757985573675612e+00
-4.583865907477750135e+00
-1.327058424923896141e+00
-1.767696472042646016e+00
-1.252070759486553886e+00
