-6.469652236214776808e-01
-5.766412025851953560e-01
-5.660332861816460559e-01
8.579631112178734975e-01
-3.162356450639089100e+00
-1.921660411465630824e+00
-1.928462920718086338e+00
-6.022566585118345195e-01
-1.282417228108498897e+00
-1.539089799134012448e+00
-3.570966128723100930e+00
-2.739608070718153598e+00
-1.716601918909909763e+00
-1.321766657051334226e+00
-1.806529621262697560e+00
-2.146642256666015935e+00
-1.683968743645326782e+00
-1.296137237740492720e+00
-2.429332304938019771e+00
-1.483346778309651226e+00
