2.850000000000000000e+02
7.869965454298866181e-02
2.020624287168729438e+00
5.834407816684918785e-02
0.000000000000000000e+00
5.786186203171288234e-02
6.112657348030379328e-02
3.609627204121783339e-02
6.027413952696194371e-02
4.689918704755948603e-02
6.011286911132381061e-02
4.788975298913247802e-02
4.718091687637925719e-02
6.641076085300472165e-02
4.632587492345432989e-02
4.745180065356998517e-02
5.263635453774868217e-02
5.824791549779694683e-02
5.584568917657294768e-02
5.414999999999999858e+01
5.414999999999999858e+01
1.321999999999999886e+02
1.272000000000000028e+02
1.590000000000000000e+02
1.569000000000000057e+02
1.745500000000000114e+02
1.660500000000000114e+02
1.695999999999999943e+02
1.724499999999999886e+02
1.575999999999999943e+02
1.688499999999999943e+02
1.816500000000000057e+02
1.836500000000000057e+02
1.657500000000000000e+02
1.672500000000000000e+02
2.224378925948466090e+00
0.000000000000000000e+00
5.530567889887776367e+00
3.431902766465404042e+00
6.288829288352055791e-01
8.710245587003911938e-01
9.051438808236017763e+00
1.044350000066195960e+01
4.548023941652402868e+00
4.881222267096926970e+00
8.336509392021251852e-01
3.761223765175824241e+00
3.869131818843000392e+00
6.073773208186912242e+00
6.252570118087114714e+00
7.129807782568495789e+00
3.084171713599505038e-01
5.390721191195267936e-01
3.521748340761771123e-01
2.183085642044291230e-01
5.451426223955364164e-02
4.593448963351810799e-02
5.460864822803057628e-01
5.155181436795848171e-01
2.762339104601856388e-01
2.984856807713041627e-01
3.967867863073124002e-02
2.389870190753336510e-01
2.222962414936517084e-01
3.127655924468447091e-01
3.216019166138793794e-01
3.785981511208620365e-01
1.236156451349895917e+02
0.000000000000000000e+00
2.714057246136469530e+02
2.571781985335558716e+02
3.195930422035798983e+02
3.146012802918209559e+02
3.534198016525583057e+02
3.370036925120597857e+02
3.437978478828413245e+02
3.466080985134609023e+02
3.163651137902454025e+02
3.397279112768086407e+02
3.667994780425637487e+02
3.689383473736378392e+02
3.337794190553054818e+02
3.372171689189942185e+02
