-6.494916016875798004e-01
-7.708826995882761546e-01
-6.147473494169285457e-01
6.352043407234465588e-01
-2.959811035853902261e+00
-1.546431641469945495e+00
-2.519870371009821142e+00
-7.771752030888444684e-01
-1.495803906590473575e+00
-1.634931885355357606e+00
-3.213233249823991056e+00
-3.382389870759384021e+00
-8.200520867685325843e-01
-5.722700743029651704e-01
-1.670063484101840023e+00
-1.412483464191378379e+00
-1.417318026895159511e+00
-1.653349241029016481e+00
-2.192839110498619792e+00
-1.436353683656067970e+00
