-5.976682146719538569e-01
-5.977108945368921900e-01
-6.319561098305546132e-01
7.033810717569862758e-01
-2.254497247457193598e+00
-2.543832203734447184e+00
-1.175819053274909987e+00
-6.184098638445556517e-01
-1.044079791817346781e+00
-1.521165195687201432e+00
-2.906386974565605907e+00
-3.086117363438311223e+00
-6.048854767528998311e-01
-6.624903288240479027e-01
-1.286549999961383195e+00
-1.208791534163794035e+00
-3.231327068997627450e+00
-1.430631793705952282e+00
-1.503683707639486000e+00
-1.162142595683876900e+00
-1.134150106111939227e+00
-9.707458701249482846e-01
