-6.744618028295946699e-01
-7.511767602084097328e-01
-5.861655327434578400e-01
5.835583374344346375e-01
-2.707854789208251844e+00
-1.318389049974741489e+00
-1.935877443309735879e+00
-7.656371659012303210e-01
-1.130016739693964656e+00
-1.188261926164098314e+00
-2.957610593654921072e+00
-3.675050738478675694e+00
-1.647474985960668992e+00
1.069302362436207604e-01
-1.190258930124370229e+00
-1.348852490443543051e+00
-2.941838150425720944e+00
-1.591626364449235886e+00
-1.539659492933529883e+00
-8.165692460801632357e-01
