-7.390064405039507012e-01
-7.871151511117556732e-01
-6.493137004408959800e-01
6.483172941393934297e-01
-5.108256237659907217e-01
-4.993383838707280198e+00
-1.527579944269747081e+00
-2.049884270593832269e+00
-3.782103106317167729e+00
-1.075572657911977714e+01
-3.561639477186773206e+00
-1.700094574809000614e+00
-1.767986670613387545e+00
-2.808517501747956668e+00
-1.102636995746773652e+00
-5.539824497004691928e+00
-2.419518412832905252e+00
-3.140433974880905588e+00
-2.293123397386258144e+00
-2.338003361167193539e+00
-1.053402780645998682e+00
