-7.258237497241127878e-01
-1.093067315573069243e+00
-4.780776076373247641e-01
4.091287581947515850e-01
-1.890963685367912150e+00
-1.237804604329453495e+00
-7.410546248613317788e-01
-1.385174421775403397e+00
-1.143014148959838661e+00
-1.020045527474071845e+00
-3.248913811406040075e+00
-3.651412462255424263e+00
-5.006211700660198050e-01
-9.707516375786474638e-01
-1.154644692942907058e+00
-9.652407690395111706e-01
-3.484038794162263031e+00
-9.957401102764880108e-01
-1.329015829691799988e+00
-9.768607431288782728e-01
-1.112467271104773836e+00
-7.236590003675544835e-01
