-7.373854511769373232e-01
-8.564955274581952382e-01
-4.528088007493684675e-01
8.171677172429573366e-01
-3.109382086071796003e+00
-1.381028467605321497e+00
-9.756084882131279556e-01
-1.547539838603291695e+00
-7.148907807237087075e-01
-3.826014008594163518e-01
-3.477900930801407942e+00
-2.994520179283850947e+00
-5.147196757003487111e-01
-8.394869622035053824e-01
-1.594466788781816691e+00
-1.627878422622613286e+00
-2.777806671197115662e+00
-1.661428714218712965e+00
-2.319751827301463898e+00
-2.291667131367608690e+00
-1.265557128783872054e+00
-1.340315997643585888e+00
