-6.784708196718236550e-01
-8.740068227214069507e-01
-5.268425709632680309e-01
4.446286969591417559e-01
-2.460423120646598516e+00
-5.108256237659907217e-01
-6.509530127114426357e+00
-3.934137971081252405e-01
-6.853463966526414097e+00
-8.781954411670020999e-01
-2.856779857681553292e+00
-1.095393895140770235e+00
-9.205866267147883031e-01
-9.265471855033046156e-01
-9.464536653732078975e+00
-4.588765157420551799e-01
-4.347804270156279571e+00
-1.096504314115439582e+00
-4.609772392394512752e-01
-2.610182624418853625e-01
-8.178991735680610775e-01
2.065030980542470196e-01
