-6.396271299500848606e-01
-7.965109869798197018e-01
-6.050010155559366609e-01
5.596632028497996458e-01
-3.240025136147484552e+00
-2.135984718766313240e+00
-4.997324295788135373e+01
-2.453429111563633636e-01
-1.685539187052250654e+01
-8.876373044230059239e-01
-7.487304737957717338e-01
-6.921760421396044860e-01
-8.175180122953992212e-01
1.259483078849322091e+00
-1.522835001138656219e+00
-1.594393572769071454e+00
-1.197228790977938040e+01
-1.646148564919265533e+00
-1.981338723815320613e+00
-2.245675013169088352e+00
-1.845285385881493712e+00
-1.295771503526110591e+00
