-6.829500179795199299e-01
-7.954216678982131139e-01
-4.763566829775324196e-01
6.255057613179823006e-01
-1.952807520262858310e+00
-7.143275136646258794e-01
-1.548532659848133930e+00
-6.646879563945572444e-01
-1.544734773548548656e-01
-3.678020997431862060e+00
-9.215895422583123775e+00
-2.626332236582423540e+00
-1.655028472631609737e-01
1.483568200315507103e-02
-1.543893961481274557e+00
5.080551604982519454e-01
-3.048297022219507824e+00
-1.213592442215130296e+00
-1.974614416354181445e+00
-1.483674352475965685e+00
-1.139941387009518525e+00
5.116794153074101237e-01
