-6.944864697283660293e-01
-8.291008047638046552e-01
-5.413138328313413794e-01
4.945967488260836764e-01
-2.922237492517449908e+00
-5.108256237659907217e-01
-5.125429099141133094e+00
-2.279576927493103256e-01
-1.268062323665756441e+00
-3.757821596964457722e+00
-1.106918481766693851e+01
-2.800117679346089350e+00
-3.725609302615990326e-01
-4.540192041806194734e-01
-1.258828278929503552e+00
-1.752855320284971985e-01
-5.595664147795554655e+00
-1.363629164935249660e+00
-2.086108960755147734e+00
-2.199607541199560590e+00
-1.166025038439346684e+00
-4.615039908137669872e-02
