-6.969534174649392178e-01
-8.304600072254524346e-01
-5.438864719648502932e-01
5.409965100353433254e-01
-2.881371286593714220e+00
-7.414280410500834195e-01
-2.002746339940938203e+00
-3.869594003538666671e-01
-1.093553462544576638e+00
-3.526427486780578935e+00
-8.772155492757915951e+00
-2.977470050121243883e+00
-4.023611150479484699e-01
-5.932498103486603114e-01
-1.581265269234483517e+00
-1.630478309414281624e-01
-5.268382447528423995e+00
-1.708857624837772926e+00
-2.328466064296037530e+00
-2.338011782321709919e+00
-1.405000308658359787e+00
-9.500220802411932230e-02
