-6.514915072466692658e-01
-8.567662800727436911e-01
-5.248860373463062334e-01
5.503767100017139535e-01
-2.089639296352601150e+00
-1.580770444374926864e+00
-1.875800928949133528e+00
-3.603294431627770966e-01
-5.179566578745127270e-01
-1.950346588429363370e+00
-3.128798594790828336e+00
-7.559503124895314841e+00
-2.770719805105679168e-01
-6.912312271158803645e-01
-9.982983253614466923e-01
-1.187663114822393506e+00
-2.516818486915071595e+00
-1.213239980576353183e+00
-1.894074491361469548e+00
-1.255854386247532872e+00
-1.100049797773843263e+00
-1.138634542121380377e+00
