-7.196121397397140518e-01
-9.019684916752094272e-01
-4.964095866178100391e-01
5.286918598810407266e-01
-2.167256023465646830e+00
-7.575915560974706420e-01
-1.022604797067498517e+01
6.163549605583078933e-02
-2.747450519900702659e-01
-1.649156015161010069e+00
-4.088958196200020545e+00
-2.836369756302355327e+00
-5.613093686609318400e-01
-3.136308771477798740e-01
-1.811823118794659626e+00
4.389434602518413331e-01
-4.797579753943123748e+00
-1.527465839334698261e+00
-2.261681710586721739e+00
-1.037325081801479421e+00
-1.169806728923903139e+00
4.550780253758976990e-01
