2.810000000000000000e+02
1.089661508493847020e+00
1.367955183515337403e+00
8.380351408283815973e-01
0.000000000000000000e+00
9.138566789719294592e-01
1.893424692831020328e+00
1.341401058828590953e+00
1.718817690891524697e+00
1.120249955230993244e+00
1.107703030983492765e+00
8.559361399576095319e-01
7.227684175297918179e-01
1.003441897462973298e+00
1.077389594732187650e+00
6.422908054111139409e-01
4.461476236119780725e-01
1.030205740725648855e+00
4.293294260031175757e-01
3.845000000000000284e+01
3.845000000000000284e+01
7.875000000000000000e+01
7.054999999999999716e+01
8.095000000000000284e+01
8.034999999999999432e+01
7.609999999999999432e+01
7.209999999999999432e+01
9.475000000000000000e+01
8.865000000000000568e+01
8.120000000000000284e+01
8.204999999999999716e+01
1.110999999999999943e+02
1.150999999999999943e+02
8.515000000000000568e+01
1.141500000000000057e+02
1.987621596957441028e+01
0.000000000000000000e+00
7.520820419977509275e+00
3.790598435131312272e+01
2.623302000818951818e+00
2.720699913823130700e+00
2.963253522588766486e+01
1.755619977629463335e+01
3.642233875992378245e+01
1.499662225180610875e+01
4.801251254142481883e+00
9.822176267970347041e+00
7.199454292790276710e+00
1.564685030072950411e+01
3.144404271447637456e+01
4.698020590888501147e+01
2.589807831881406619e-01
1.392855640201760836e-01
5.219946816762457281e-02
1.432427519845415054e-01
1.201312531951105600e-02
9.801001195289097551e-03
1.791133308323998030e-01
1.102175396412891778e-01
2.340311416457617477e-01
1.164111463270419283e-01
2.969013116518939843e-02
5.559628408890475437e-02
5.060323526585347453e-02
1.524764333364415914e-01
1.859817399080652967e-01
4.648742266489647168e-01
9.158069543695047798e+01
0.000000000000000000e+00
1.576598287002041161e+02
1.397613497704089696e+02
1.627922171444278092e+02
1.615029225454429138e+02
1.476814554818587908e+02
1.437991960243673475e+02
1.818246726351600842e+02
1.782377615114352807e+02
1.611573386689712777e+02
1.639793578490536561e+02
2.215080887938337924e+02
2.300094178939456242e+02
1.641134236530363637e+02
2.353904240187140999e+02
