-6.252165772226730978e-01
-8.183146044901083993e-01
-6.442233028281924012e-01
6.406671574551808801e-01
-1.975142552825195130e+00
-5.084168747995417847e-01
-1.846584903120749965e+00
-5.998811933813033015e-01
-5.898950438406947994e-01
-4.625573926268849334e+00
-2.929662726930326588e+00
-1.396066068842750951e+01
-2.195233881526274800e-02
-2.448780136820442599e-01
-3.001258865085950855e+00
-1.013517550424049896e+00
-2.325283011275376399e+00
1.735134428821703823e-01
-1.164844721466958166e+00
2.314771524245669565e-01
-1.386220924721050185e+00
-1.021926511910451696e+00
