1.150000000000000000e+02
2.291500081566187064e-01
2.059618048996135986e+00
2.021569411163497976e-01
0.000000000000000000e+00
1.885782441897604633e-01
1.976343443092412056e-01
1.545200537948991371e-01
2.252676613446659981e-01
1.858567046996214001e-01
1.267259413108981769e-01
1.681040626431266338e-01
1.608323048902644548e-01
2.216042444067152228e-01
1.675719973661628504e-01
1.357361799761423737e-01
8.581529459803487192e-02
2.135168698200076154e-01
1.352542094979401477e-01
2.235000000000000142e+01
2.235000000000000142e+01
5.070000000000000284e+01
4.854999999999999716e+01
5.775000000000000000e+01
5.629999999999999716e+01
5.520000000000000284e+01
6.470000000000000284e+01
6.014999999999999858e+01
6.189999999999999858e+01
5.629999999999999716e+01
5.995000000000000284e+01
6.175000000000000000e+01
6.425000000000000000e+01
5.735000000000000142e+01
6.085000000000000142e+01
4.233362845972207467e+00
0.000000000000000000e+00
8.389027614000658772e+00
2.597106643549478289e+00
1.952433423407889945e+00
5.531788156973446169e-01
1.078279856417150206e+01
8.847813686969669789e+01
5.094074426694441549e+00
3.907190807465038773e+00
2.325825608419611890e-01
3.795278782965091136e+00
2.091144998707603175e+00
1.223517946649830712e+00
3.690302137194404697e+00
4.654283262322854497e+00
3.954284073387491216e-01
5.431880457998466971e-01
4.331529156618053045e-01
1.401440246257499855e-01
1.085416620897484835e-01
2.172613351274699581e-02
5.235556340448818125e-01
4.759161187186297326e+00
2.530911415224129102e-01
1.951235267451667810e-01
9.295252997392649749e-03
1.897198475987837973e-01
1.240357447783942135e-01
1.107015168100328323e-01
1.506746996386535142e-01
2.830394047949572611e-01
5.295768241095376538e+01
0.000000000000000000e+00
1.027019747002740075e+02
9.376759576047378175e+01
1.164112400194017027e+02
1.130275322739261412e+02
1.108129258660367924e+02
1.467033492667106316e+02
1.197319710331633615e+02
1.245035393555272805e+02
1.129114173198484252e+02
1.193794212856220014e+02
1.242057398649612168e+02
1.287929452299038928e+02
1.147068612726624792e+02
1.215780345978163126e+02
