-7.218071457022284809e-01
-5.688272828006336601e-01
-7.369262098301301300e-01
1.067095382999055486e+00
-5.108256237659907217e-01
-6.050379640347282262e+00
-1.576106816842780978e+00
-1.356709024098032046e+01
-2.190835927522800208e+00
-2.116026927904405053e+00
-2.876568707655967838e+00
-1.944664176708083447e+00
-2.020952260311308368e+00
-2.708726909753851775e+00
-2.373823395314251350e+00
-1.376989734713827218e+01
-2.018199340441182432e+00
-2.653225497424968271e+00
-2.947666898711421180e+00
-1.835269698462510757e+00
-1.441616704758512890e+00
