-7.258381570946792483e-01
-8.416900923606633889e-01
-4.378949364807269706e-01
6.733293638014394844e-01
-3.338668442792923852e+00
-1.298916329297477912e+00
-8.806207371806095141e-01
-1.033140140947422125e+00
-1.305770531448000815e+00
-1.290160703434522604e+00
-2.832834195068662186e+00
-3.714933154026063278e+00
-4.811813394950413270e-01
-9.790619272483472857e-01
-1.464178252824289705e+00
-1.668095715119024547e+00
-3.714933154026062834e+00
-2.389764305228502472e+00
-1.903549114731647895e+00
-1.030742732981800414e+00
-1.175363522928046800e+00
