-6.769021579280112277e-01
-6.704328376098279696e-01
-6.596127459145575411e-01
5.231310542488764037e-01
-2.291109862705183797e+00
-1.904501976160476007e+00
-2.105031848597855859e+00
-1.150323895703743382e+00
-1.338736552659266055e+00
-5.658624551113873302e-01
-2.400107387335740583e+00
-3.157811953490116785e+00
-1.610280112417690423e+00
-1.437918004312422227e+00
-3.746406983406024960e+00
-1.851606206388499043e+00
-7.411720987424291751e-01
-1.705626171627138810e+00
-1.305040905232078607e+00
-5.110248556473340198e-01
