-7.716354604724142696e-01
-8.459546449644600452e-01
-5.878367137098742257e-01
4.866576336005955516e-01
-1.899003876722181072e+00
-1.449152962132170153e+00
-8.216599188852822255e-01
-1.209973274932894638e+00
-8.824352741295434788e-01
-1.588550261601723745e+00
-1.273412978066187939e+01
-2.273036478628758683e+00
-4.902094840064577519e-01
-7.630030145619669524e-01
-1.379263477881722988e+00
-1.670964341133077902e+00
-1.531958481390236493e+00
-1.011418524659196683e+00
-1.082831319955833260e+00
-2.237241697066163493e+00
