-6.413408806858530431e-01
-7.962731387499420999e-01
-6.002787079243406820e-01
5.857705386826882465e-01
-3.219409946140080692e+00
-2.092791074425426778e+00
-1.299271355483853085e+01
-2.041499334616173333e-01
-3.495341759280469063e+01
-1.092886864710607808e+00
-1.230625795472859219e+00
-6.896960668759161139e-01
-7.793179154947179610e-01
1.278335537512722775e+00
-1.037920525603382993e+00
-8.794406711684049638e-01
-1.427273211725182911e+01
-1.654513469657350466e+00
-1.947052887241596197e+00
-2.316374406035084821e+00
-1.839290629812962985e+00
-1.303429413872257303e+00
