-6.664996393724281765e-01
-7.830832868791594015e-01
-5.773052028220638787e-01
2.939343484430906872e-01
-1.921358411786478149e+00
-3.756909767918720222e-01
-9.956858803601551511e-01
-2.049770219095979895e-01
-9.203764881432222600e-01
-1.931947591484803661e+00
-2.230102966876716497e+00
-4.010288862693509593e+00
-7.415573968244748571e-01
-4.933362785431233966e-01
-2.449269427360807772e+00
-1.104414246783961939e+00
-5.504021079014784767e+00
7.132450659830628925e-02
-1.383309465744729572e+00
5.078387090469572290e-02
1.259737901567227203e-01
-1.233971299568466184e+00
