-6.468710635855248192e-01
-7.353796282388148642e-01
-5.964688327064203710e-01
6.380790137568350673e-01
-2.985357098793887332e+00
-1.682979350259214080e+00
-1.508771516785455180e+00
-1.303573095111039359e+00
-9.978697476493151308e-01
-1.444611612296410330e+00
-3.358641718237234564e+00
-2.980419159388687511e+00
-1.498250221519797698e+00
5.828307337203237903e-01
-1.359925790488388131e+00
-1.770264793179244567e+00
-1.164776837375788965e+00
-1.691478303100242275e+00
-1.436427497215471583e+00
-2.133287031247821819e+00
