-5.800730342229550862e-01
-6.452308053565604107e-01
-6.212309063266416853e-01
7.757581218327760375e-01
-5.108256237659907217e-01
-1.215419640092940767e+01
-1.807753298768608463e+00
-4.380767844456649129e+00
-2.052066429706653317e+00
-6.316544089072265500e+00
-3.937356506107088094e+00
-2.052066429707811057e+00
-2.302585092993371774e+00
-2.169842215855615208e+00
-1.713848096507970098e+00
-6.788800103305105083e+00
-1.831574024528490607e+00
-2.659391011480166434e+00
-2.866008502602809482e+00
-1.618656984782253394e+00
-1.796322760221764403e+00
