-6.826216048749316201e-01
-6.910802983632000629e-01
-5.951239609761120875e-01
7.494128713011932730e-01
-2.829313879373164031e+00
-1.923833108764650746e+00
-5.439054749495029206e-01
-7.489230610314455694e-01
-3.711209940064060242e-01
-1.429594409816528078e+00
-3.240019806560167748e+00
-3.630094886433143486e+00
-8.496233617155658502e-01
-1.247592867015363094e+00
-1.100607398918465929e+00
-1.332670941256940189e+00
-2.635434221079965944e+00
-1.982566605222488842e+00
-1.455656028222922060e+00
-1.124531638626853791e+00
