-7.391110184964120311e-01
-9.842849197108904935e-01
-4.973331013618106367e-01
5.663583832318622724e-01
-2.267481349434028459e+00
-9.473595972630740603e-01
-2.077063215266734097e+00
-9.587826816397265750e-01
-2.160187246899325952e+00
-1.366808625130267574e+00
-8.171719394639167522e-01
-3.379758677276106238e-01
-7.323958970370240129e-01
-9.865276465903848324e-01
-1.215901404690642984e+01
-1.228971545958990941e+00
-2.977903973888150979e+00
-1.492098117103865640e+00
1.727815922763049905e-01
-9.839105615818438677e-01
-1.181387245891930116e+00
-1.085506003762697569e+00
