-7.272412150833397204e-01
-8.447394925057699622e-01
-5.585924762853317072e-01
5.834848810138920649e-01
-1.775514705923475045e+00
-5.824529853813075198e-01
-1.468603708558994470e+00
-9.437584371596441368e-01
-6.221250090790817477e-01
-3.772102358210951412e+00
-2.757734614611447199e+00
-3.184117637440574189e+00
-1.977068151463758361e-01
-5.512619978694871525e-01
-3.673786691136240457e+00
-1.164805724780718865e+00
-1.989798450948662589e+00
3.127317730038317589e-01
1.134074745729979350e-01
-1.381442306377783868e+00
-6.818010958494349349e-01
-7.390355946420341660e-01
