-6.806822566677782627e-01
-7.954007599558701180e-01
-6.237046168443710625e-01
4.605580485085095099e-01
-3.412759799144951867e+00
-1.706364632947936277e+00
-1.520654466905873647e+01
-1.170417255103392978e-01
-1.478475038216144455e+01
-1.359197042283422308e+00
-1.220781719089235828e+01
-1.300168577995083785e+00
-6.094870861820557151e-01
-8.388524493152166306e-01
-6.308021696191183025e+00
-7.170378953958832513e-01
-2.976730084780030428e+00
-1.528792447363173990e+00
-7.996598547665851875e-01
-8.451894643780157867e-01
-1.650858121211436158e+00
-8.904046461173572569e-01
