-6.805875553674267664e-01
-8.875160015867772367e-01
-5.447251042648790786e-01
5.887750751615538070e-01
-2.040479558997975840e+00
-1.371530750399163390e+00
-1.131479416506378843e+00
-7.773690090116901485e-01
-5.253782457837626874e-01
-7.336981781859996943e-01
-3.435784937867252253e+00
-3.133444360655710970e+00
-5.769277046399264863e-01
-7.130638067487420351e-01
-1.184716615699076936e+00
-1.319126496768473933e+00
-2.531092053481575288e+00
-1.363476503745256529e+00
-2.049412272865551721e+00
-1.819291690975474385e+00
-1.128513287075795013e+00
-1.189149592490429619e+00
