-6.304256715668885569e-01
-6.691068121027407001e-01
-6.227226117330850741e-01
4.559369358083303347e-01
-1.513529805310807275e+00
-5.108256237659907217e-01
-1.109349340682402429e+00
2.002828261516087505e-01
-9.166610619077475430e-02
-1.047053075714514891e+00
-2.965166000757425646e+00
-3.209031020757203922e+00
-1.919049800535360950e-01
-8.270144062428236298e-02
-8.566702678512418956e-01
-7.895579478288703434e-01
-1.821976138604972650e+00
-1.052142759205064504e+00
-1.090099692051354152e+00
-1.009170266700167629e+00
-6.794896876349196813e-01
-5.100359245861613156e-01
