-6.674381117719374590e-01
-7.723070197113998114e-01
-6.388868058025384267e-01
5.653700043928083785e-01
-2.198063855871048133e+00
-5.108256237659907217e-01
-1.766437208027433980e+00
-6.634220413135256678e-01
-7.068092400476797543e-01
-1.102312201741500131e+00
-2.971060984420417661e+00
-4.025216388417327096e+00
-9.275411812387899246e-01
-7.097328981987125474e-01
-1.257793419900510967e+00
-1.287642260898059110e+00
-2.497522222634852351e+00
-1.281727242569369540e+00
-2.121750074224422189e+00
-1.536560184116089411e+00
-5.599474514690585547e-01
-8.073551234836143786e-01
