-6.411136095618419350e-01
-8.179520436454130738e-01
-6.012356080312369899e-01
5.667285503958120474e-01
-2.258642046819372418e+00
-1.568420503399148069e+00
-4.124222543471630642e-01
-9.103931789758836768e-01
-7.554810901168391712e-01
-1.135009616921748066e+00
-3.265855373841235032e+00
-3.629652751713982717e+00
-8.003880576702843141e-01
-5.745719315536251814e-01
-1.682013480735248701e+00
-1.476638610304402910e+00
-3.746709430016841758e+00
-1.436320898831360049e+00
-2.314746714953620277e+00
-1.367746604335194238e+00
-1.213489793108494919e+00
-9.901495770345787317e-01
