-6.616470891241207353e-01
-7.941631922446960035e-01
-4.873751782699974888e-01
5.237423441791493328e-01
-2.266202239776067273e+00
-1.113131810007533584e+00
-1.564707908416999693e+00
-8.685671849140533807e-01
-7.261113177089373316e-01
-1.651855725426645272e+00
-3.814362149579784589e+00
-2.947761036257215750e+00
-4.371433454362073645e-01
-8.693441572231911385e-01
-1.670946855033276224e+00
-1.217191503935359576e+00
-9.271718418064710532e-01
-1.438036909378186845e+00
-1.837286634871224011e+00
-1.547264125950053471e+00
