-6.356967878563142271e-01
-6.724338964205761604e-01
-6.139235863628624834e-01
4.141143839686842743e-01
-1.494218829682429472e+00
-7.495765757961733167e-01
-3.769225558024230094e-01
-6.717641057189767395e-02
-4.338103650413627776e-01
-1.074959820507073616e+00
-1.276053372199772618e+01
-1.265077781178092131e+01
-3.295223271733113135e-01
-1.736153522107527214e-01
-8.446180432267313964e-01
5.656493727363179902e-01
3.092906530453314873e-01
-9.267934724319724094e-01
-1.288696266570569904e+00
-1.174291544648411234e+00
-7.481267207983086642e-01
-7.180085326790478506e-01
