-6.723642993868239603e-01
-8.552495333504744890e-01
-5.082613274592258090e-01
6.722032166320962565e-01
-2.189446842481285405e+00
-1.374590264607223000e+00
-1.477808137467110372e+00
-9.530347837632192620e-01
-8.730954462281961259e-01
-5.917056445698894995e-01
-2.372926052157336319e+00
-3.177026197676299901e+00
-1.114370346898759578e+00
-1.215965922852765280e+00
-2.817673892598877128e+00
-1.332273707114254302e+00
-1.901636620550605228e+00
-1.273512481392569784e+00
-1.326002039722770309e+00
-8.464662384734137346e-01
