-6.805749933280529351e-01
-8.874583831955927815e-01
-5.447437743546291733e-01
5.885534479821042941e-01
-2.040493657900082969e+00
-1.372116041113690565e+00
-1.132851162417080060e+00
-7.765941863057114203e-01
-5.255302223755102808e-01
-7.340538161397792694e-01
-3.444420135366662361e+00
-3.128885245429094741e+00
-5.769581156885219553e-01
-7.127083079685391231e-01
-1.184560488587618643e+00
-1.318793380029869899e+00
-2.531028233310890219e+00
-1.363348223724652142e+00
-2.048567174602286656e+00
-1.819396490948573808e+00
-1.128326484119611894e+00
-1.189022281961453098e+00
