-2.560541720080712902e-01
-5.000000000000000278e-02
-1.111934647691356304e+00
1.150174568746859860e+00
9.416294019215246669e-01
-6.495448626153312865e-01
-4.125264518137414349e+00
-3.438936217618270952e+00
-4.171602717209654365e+00
-4.332085925904431534e+00
-2.229872056000306912e+00
-2.103459333801904307e+00
-8.434140324563699220e-01
-1.796123168099914791e+00
-4.038685130013946356e+00
-3.229166216956453450e+00
-4.317015066259278555e+00
-3.567449064528738667e+00
-3.765423257685193370e+00
-3.790683469527232674e+00
-2.626726089478499393e+00
-2.571843973208093104e+00
