-6.534309365182134899e-01
-8.609951737661659665e-01
-5.256596766494320283e-01
5.434123834106702189e-01
-2.115718863901332458e+00
-5.108256237659907217e-01
-2.561100183710605105e+00
-2.351318963613480140e-01
-5.372905494889594902e-01
-1.919161921069288068e+00
-3.307043818534694424e+00
-3.984801766771541409e+00
-2.278215304818347886e-01
-6.648593473416715138e-01
-9.521369045651452145e-01
-1.141670194019000162e+00
-2.491160982293478821e+00
-1.133919143059164636e+00
-1.790068876365132899e+00
-1.200817324926974461e+00
-1.038652014499010789e+00
-1.063142050672053252e+00
