-7.897293238312022567e-02
-5.000000000000000278e-02
-1.542660673401837990e+00
2.425760909084432038e-01
2.871436743714239626e-01
-1.215848210224812487e+00
-4.617137835661930367e+00
-4.551611772518419308e+00
-4.574720710642258936e+00
-4.577410688929329119e+00
-5.066044745487356060e+00
-5.033354753239502877e+00
-3.980773384767293699e+00
-3.915915523432146994e+00
-4.223916486206591436e+00
-3.536429261085692666e+00
-4.145062106351810272e+00
-3.991251324359442965e+00
-4.588606751814988449e+00
-4.596242998166800930e+00
-4.258870918504785053e+00
-4.275208538638804789e+00
