-6.382947024072259667e-01
-7.321922015286850272e-01
-6.550252174001999217e-01
5.830324551292552782e-01
-3.038666198595341150e+00
-1.898725958388905788e+00
-9.802254951522262338e-01
-6.537640776218265337e-01
-8.263620626241823253e-01
-9.200567403384064535e-01
-2.402915817754992744e+00
-3.899959549415180415e+00
-1.420319496607822085e+00
-1.530205849423015740e+00
-3.592066214414549652e+00
-1.502091256705476940e+00
-1.648785927401643425e+00
-1.754839333806391233e+00
-1.151289696775782634e+00
-9.525403267541613372e-01
