-6.544870313349199220e-01
-9.006898899808061243e-01
-4.690987313203339726e-01
7.274344448461093071e-01
-1.456081127401234854e+00
-2.571233350450637722e+00
-1.432607818092303376e+01
2.307851534354775636e-01
-1.130426689465497425e+01
-1.914056566195595055e+00
1.471722451179117291e-02
5.399512235980569869e-02
2.173152099143466076e-01
-5.495286114948583212e-02
-1.506153415767249593e+00
-8.463360243038177133e-01
-2.270370330472315512e+00
-1.227317394193510269e+00
-1.477759870434548262e+00
-1.136543384371461629e+00
-5.039845788275970628e-01
-5.844130395086152285e-01
