-6.788149707047491654e-01
-8.693627118041834523e-01
-4.554064491189211972e-01
8.497465053682508040e-01
-2.602272139876202317e+00
-1.675659060544048451e+00
-1.156048544738324635e+00
-5.358810277564142188e-01
-3.476501806924597870e-01
-3.233207106261209995e-01
-3.307476421178650483e+00
-2.672836777615078319e+00
-1.140143534602148012e+00
-1.234636619686471315e+00
-3.416568517263982585e+00
-1.417864045495432546e+00
-1.832619546058644078e+00
-1.549643634299525452e+00
-1.068387706413640004e+00
-1.052793662287687670e+00
