-6.705484533128133195e-01
-6.681830678699371973e-01
-7.000927949765346492e-01
6.883896475210963262e-01
-2.295315738397862848e+00
-1.606690617625448514e+00
-2.847951367665518063e+01
-2.264453052497953922e-01
-1.850357929995875850e+01
-1.078788779493975669e+00
-8.579922911589991097e-01
-8.199429397019449839e-01
-5.978433468834457587e-01
-4.518165299204499052e-01
-1.133326735316432909e+00
-6.703608610136335688e-01
-1.241756117201856391e+01
-1.229139192144895754e+00
-1.406585414316281479e+00
-1.950293964456952356e+00
-8.581518357565388611e-01
1.834242880435969503e-01
