-7.102453328428962598e-01
-1.134719623965090296e+00
-4.763837778638306819e-01
3.635528842011718220e-01
-1.800467674985251287e+00
-1.536116246091042914e+00
-1.308220360453655395e+01
-5.876254112592845802e-01
-1.155016992420400257e+01
-3.665166114664701436e+00
-1.248820422752430215e+00
-6.108865458020352746e-01
1.408608736815094575e-01
-1.116578845843107931e-01
-3.830708621451381024e+00
-6.871485546968412184e-01
-2.782202996202540302e+00
-1.052545162287822578e+00
-3.846048212785113107e-01
1.068141079447720576e-01
-1.057921930676206879e+00
-7.699145717924581467e-01
