-6.659041283209035100e-01
-7.752148631347693941e-01
-5.256451955809700038e-01
4.987344239484923780e-01
-2.901692945218242947e+00
-2.151399286366961316e+00
-1.483361652284680643e+00
-1.207477049481215481e+00
-1.034409857580374625e+00
-1.549880125529102592e+00
-3.700948657560113375e+00
-3.014915700824990274e+00
-8.301373082943623860e-01
-4.007760684600797374e-01
-9.671669323488422121e-01
-1.564227699621091316e+00
-3.176392195134920104e+00
-1.854797739884328056e+00
-1.325024920112025661e+00
-1.202076845712760189e+00
