-6.396409679653420888e-01
-7.965699937285142251e-01
-6.049774489008332701e-01
5.597319576427102206e-01
-3.240304603001839201e+00
-2.133473247733523426e+00
-3.605143720688087683e+01
-2.452615806930094899e-01
-1.969053053060395087e+01
-8.862960692849537470e-01
-7.484746082568750625e-01
-6.919823503893607342e-01
-8.178725683358363252e-01
1.259939250110982956e+00
-1.522358161285454647e+00
-1.594930016581423748e+00
-1.405636358685339360e+01
-1.646197647903543615e+00
-1.981489100454191021e+00
-2.245906039737517013e+00
-1.845050416540934712e+00
-1.295605689377100411e+00
