-7.149980444458118312e-01
-6.032374975594282374e-01
-7.926376862673821799e-01
1.044639253144583169e+00
-5.108256237659907217e-01
-1.864482484190095235e+01
-1.736242788466815457e+00
-1.706029182580671133e+01
-2.721215529553720369e+00
-2.454134725398831041e+00
-2.321714452888465896e+00
-2.315585873238254599e+00
-1.395358462470766669e+00
-3.058958939072942584e+00
-2.906729219009151155e+00
-5.741270984896644336e+00
-2.926538332393591180e+00
-3.359419273254300453e+00
-3.455814675038946238e+00
-3.185029836639262424e+00
-2.648683781534268977e+00
