-6.239928857412240237e-01
-6.663855882145631737e-01
-6.143693954391454826e-01
3.434724676261118326e-01
-1.455722463934382871e+00
-5.108256237659907217e-01
-1.791402458156694166e+01
5.002595635411708486e-01
-1.677352363197119800e+01
-1.816077777067315602e-01
-1.440759073444275984e+01
-1.483754722094871781e+01
-1.658389456689019215e-01
-1.385031538626162184e-01
2.817069674457205533e-02
1.559185903058382117e-01
-2.443294774074603881e-01
7.129834265554969852e-02
-1.074466204218146537e+00
-1.049342136901577405e+00
-5.834180328022292583e-01
-6.232638266523684578e-01
