-6.164789379063650987e-01
-7.721317989927191094e-01
-5.124944956926688056e-01
4.707585999735789950e-01
-2.583479351321460893e+00
-1.567196215250688862e+00
-2.408109247773823736e+00
-1.253961657528662288e+00
-7.555486137241677058e-01
-1.916548804588784627e+00
-4.630269261311845241e+00
-2.843811772456545928e+00
-8.318270629118262871e-01
-9.656190680671047355e-01
-1.141750220385016279e+00
-1.599846271865092096e+00
-3.158418608219532686e+00
-1.462265586867320444e+00
-1.112729302059876524e+00
-7.160693478213925323e-01
