-6.788092953424774700e-01
-8.693277529879855914e-01
-4.553889292850692994e-01
8.498977476769008499e-01
-2.602465301687119315e+00
-1.675959466875127202e+00
-1.155487585357013014e+00
-5.351728095730869939e-01
-3.474202529985339072e-01
-3.231649350695147138e-01
-3.307515424778140645e+00
-2.671484847990894362e+00
-1.140271363354394607e+00
-1.234608153393758956e+00
-3.415545522471492568e+00
-1.417904352995247086e+00
-1.832210635340179916e+00
-1.549693268105605481e+00
-1.068426447700671300e+00
-1.052699673515563594e+00
