-7.361411054686761712e-01
-7.495359276149646810e-01
-3.804364044115895460e-01
7.419450423835702857e-01
-2.449555377355109975e+00
-1.341818696554471169e+00
-1.196444425929532152e+00
-1.329468702645941525e+00
-7.175424057036222658e-01
-1.395231655196678577e+00
-4.018006458193794650e+00
-2.722947349414434282e+00
-4.696780577805271251e-01
-6.775310421663321980e-01
-1.508379536764274276e+00
-1.239289313939749837e+00
-2.505469742873138728e+00
-1.136071938007026549e+00
-1.854107004210129306e+00
-1.813456227755328110e+00
-1.142183441433242574e+00
-7.966179314097240338e-01
