-6.689616002418095064e-01
-7.765229371122572832e-01
-4.896652897921066061e-01
3.217222258802544532e-01
-3.627651717968645606e+00
-1.896502218189908051e+00
-1.847128281689104057e+01
-6.426898086553404221e-01
-2.171224625499680627e+01
-1.181471492680174373e+00
-1.752832485527775708e+00
-1.544043357433071639e+00
-1.147600990227994444e+00
-5.689571439768988936e-01
-2.439536983698852080e+00
-1.454160766236360480e+00
-1.324566834740763888e+01
-1.242134201927333148e+00
-1.840107922553547493e+00
-2.882382814452484787e+00
-9.962056549304146857e-01
1.401745771390247031e+00
