-6.699471986458911399e-01
-7.456147408674024257e-01
-6.491525948931301526e-01
5.044319192097068694e-01
-3.317020262707906397e+00
-6.742591173751611988e-01
-1.005526298039224553e+00
-5.251081749034416379e-01
-1.747913929345265682e+00
-1.915950138036393469e+00
-3.829917971104760177e+00
-4.858056377601709386e+00
-8.486972633752384310e-01
-1.089831128271341543e+00
-1.632061787431769551e+00
-1.847754875138100550e+00
-3.310703505500831589e+00
-1.572543972286192027e+00
-2.294076827073131319e+00
-2.679643493255072340e+00
-1.456337244180317958e+00
-1.280134017225713849e+00
