-7.397521355784245634e-01
-8.389919747690688379e-01
-4.675266698901881512e-01
7.845465444172170510e-01
-2.670435735142607125e+00
-5.047866856523792745e-01
-1.009153609495964554e+00
-1.849561314683396906e+00
-9.764938003495646779e-01
-6.226836760720619868e-01
-1.032149651657841538e+01
-2.702458382286524685e+00
-6.662763681510184277e-01
-1.089699779057105689e+00
7.168686941542015689e-02
-1.922048038164556605e+00
-3.842701602124732663e+00
-1.681673517160542586e+00
-2.246952344387497469e+00
-2.727881659672875436e+00
-1.381799113512016675e+00
1.394131045796880852e-01
