-5.639165541632975565e-01
-8.481967547250682804e-01
-5.421099193048113385e-01
4.545119047427428893e-01
-1.769179796845332442e+00
-6.078600182967611731e-01
-3.354778911363896388e+00
-8.574841895080469456e-01
-1.123665670323238608e+00
-7.842827885898906448e-01
-1.977056441559246025e+01
-2.644041552334317480e+00
-7.842827885899045226e-01
-4.605170185988090914e+00
-1.275523774009489131e+00
-1.481608865123523189e-01
-4.480100689875455622e+00
-1.068802544728196802e+00
-1.561998728720845442e+00
-1.710644692605300499e+00
-8.650771603274309829e-02
-9.083233789135367608e-01
