-6.544072147021725572e-01
-9.007180125729412623e-01
-4.690918620080505863e-01
7.275498555697429426e-01
-1.456072373210755666e+00
-2.572657744047500028e+00
-1.309159178796707756e+01
2.305398296053393081e-01
-1.689706831233555562e+01
-1.912412467720286724e+00
1.483484633761325208e-02
5.401015870106248840e-02
2.172144281159144041e-01
-5.509433043024088150e-02
-1.506903245410254666e+00
-8.460469705999894563e-01
-2.268237570207526588e+00
-1.228136031588908494e+00
-1.477567234030000343e+00
-1.136308485984069527e+00
-5.041752440797376833e-01
-5.840811664224656585e-01
