-6.751952211007086202e-01
-6.920590305874286807e-01
-5.393801740440130610e-01
6.325424634460157236e-01
-1.753297341563386791e+00
-1.838418474624319510e+00
-8.664841619485854629e-01
5.558703859597678015e-02
-5.017959301388399407e-01
-1.286104613299872801e+00
-2.324931219743805233e+00
-2.950204036255096529e+00
-7.136123730761260164e-01
-7.509567012176258105e-01
-1.071110941451178800e+00
-8.356482201898639550e-01
-2.353540283839600455e+00
-1.053311080476011297e+00
-1.653630266141982164e+00
-6.752116102500009820e-01
-8.061089252397631855e-01
-4.587535024210737111e-01
