4.950000000000000000e+02
2.097439373651580619e-01
1.598320897002314611e+00
1.296059389598561151e-01
0.000000000000000000e+00
1.130286597759845163e-01
1.267107332894902294e-01
9.800966181022680024e-02
1.107106587523651181e-01
1.105975314627838102e-01
1.124039482998685502e-01
9.722094163080076401e-02
9.796849892474689125e-02
1.178741355471283059e-01
9.466370664074076624e-02
7.253380940941024646e-02
1.087906839436458689e-01
8.845601803853445078e-02
9.768606116313338639e-02
1.381999999999999886e+02
1.381999999999999886e+02
3.171499999999999773e+02
3.009499999999999886e+02
3.588000000000000114e+02
3.585500000000000114e+02
3.447500000000000000e+02
3.472500000000000000e+02
3.673000000000000114e+02
3.658500000000000227e+02
3.621999999999999886e+02
3.646000000000000227e+02
3.844499999999999886e+02
3.739499999999999886e+02
3.791000000000000227e+02
3.756000000000000227e+02
2.607298857042081863e+01
0.000000000000000000e+00
6.629340593343077614e+01
2.563993231636733583e+01
2.897814977936008507e+00
2.849062484568057663e+00
5.933775746045067478e+01
7.004237104737772768e+01
2.826883027244957702e+01
3.071909721150543859e+01
1.235339374482501817e+01
2.225860351224108413e+01
1.716471865509660688e+01
2.686692006194114768e+01
3.135922076124567681e+01
4.016592921165279506e+01
5.867437119705293247e-01
1.023809758638900114e+00
8.968533917671798195e-01
3.373152491923516738e-01
4.119894877060766708e-02
3.593786567450391045e-02
7.720139585342628008e-01
8.897927361312609751e-01
3.962614319502714144e-01
4.277444315717424117e-01
1.452586899119380770e-01
3.232221322537047747e-01
3.087343858968627508e-01
3.309522970060025382e-01
4.700580831989602526e-01
5.519029153586715308e-01
3.428605105189903952e+02
0.000000000000000000e+00
6.539737241090651878e+02
5.998842990326312474e+02
7.176548553492694964e+02
7.160778796046625985e+02
6.949611748991743525e+02
7.003101432108752533e+02
7.337805748399579215e+02
7.330568053670190238e+02
7.214822323584521655e+02
7.274670330398246278e+02
7.664983070352409413e+02
7.462095045150313126e+02
7.541996942694598829e+02
7.450107369209626995e+02
