-6.339037696289742119e-01
-7.256016930681493671e-01
-6.055484784513203156e-01
6.413136087681884367e-01
-3.155631786079730716e+00
-2.269166130780798873e+00
-2.076591169365725076e+00
-3.342177594182318967e-01
-7.326777175955727639e-01
-2.089831814392808518e+00
-4.310772062089775147e+00
-4.052014831196420808e+00
-5.010236463797025364e-01
-1.043401457832594081e+00
-6.465457114649560966e-01
-1.413742916263334815e+00
-2.413755780269108087e+00
-1.690950940760667098e+00
-1.516499379988628160e+00
-8.722446343398632118e-01
