-6.267352740195497596e-01
-7.206593452968325098e-01
-5.485314540739801847e-01
7.456275451461787940e-01
-2.344141300879722056e+00
-1.614715651463502821e+00
-1.292044007682011886e+00
-6.011749211933673509e-01
-3.760804588215746480e-01
-4.106175535119424569e-01
-2.848899603517758727e+00
-3.024851578866545321e+00
-1.264208370360650369e+00
-1.152620610556546188e+00
-4.222653478180333764e+00
-1.307916768604430180e+00
-1.498650065055898040e+00
-1.459059894400353219e+00
-9.842970635072982866e-01
-6.808070076225162248e-01
