1.340000000000000000e+02
4.423364175148398192e-01
1.809340699592876467e+00
3.527907807952696539e-01
0.000000000000000000e+00
3.703155582667955192e-01
3.239461178408279962e-01
2.992834112446572936e-01
3.531648609920601811e-01
2.990114705841697140e-01
2.142870137772134864e-01
3.236938294868070831e-01
2.355486925016058719e-01
4.440542906007472479e-01
2.093572797663522944e-01
1.904211128888537163e-01
2.818275619156938028e-01
2.642867576696169563e-01
3.861367945738699570e-01
2.235000000000000142e+01
2.235000000000000142e+01
5.160000000000000142e+01
4.850000000000000000e+01
5.904999999999999716e+01
5.900000000000000000e+01
5.964999999999999858e+01
6.815000000000000568e+01
6.465000000000000568e+01
6.329999999999999716e+01
5.910000000000000142e+01
6.475000000000000000e+01
7.384999999999999432e+01
6.934999999999999432e+01
6.634999999999999432e+01
6.285000000000000142e+01
7.155754891833147724e+00
0.000000000000000000e+00
1.819657248699635943e+01
3.440134214517035716e+00
1.377129880733441558e+00
1.635174976978312600e+00
1.532585779466306164e+01
1.219851809120529929e+01
8.340995190986348007e+00
6.940197711573320660e+00
3.069004998860617395e+00
5.006973189856381623e+00
4.577938651842912599e+00
3.717087117305928778e+00
1.264149584310135666e+01
1.601970712114238182e+01
3.531616865645217929e-01
6.216307686443079961e-01
4.444748180698657736e-01
1.057172213011378231e-01
3.844200510677819871e-02
3.889836162685174348e-02
4.121825383589056702e-01
4.130915573836344001e-01
1.989164440289072633e-01
2.308505616583407249e-01
5.802515620836819904e-02
1.854555624218275911e-01
1.633983793207964275e-01
9.515919763108394991e-02
3.552319841501072606e-01
3.314931916020067981e-01
5.743341581454063771e+01
0.000000000000000000e+00
1.105529847454499048e+02
1.004516020246626198e+02
1.196978154164652466e+02
1.190297268948697678e+02
1.243504476868612016e+02
1.378049769476899655e+02
1.295426459220049367e+02
1.276321865161100675e+02
1.191091723316077662e+02
1.289577168207014211e+02
1.471319953786273231e+02
1.386016832838439825e+02
1.346514398148778469e+02
1.251522816869113228e+02
