-6.441229256356633126e-01
-8.766013344327749923e-01
-6.493241002477673218e-01
4.740043697793671074e-01
-2.129148997187555903e+00
-3.421491673479455931e-01
-1.642407068997355335e+00
-3.975246158287831788e-01
-7.260487516244968909e-01
-1.433975882115658740e+00
-2.480852143452330072e+00
-3.524466262162866848e+00
-8.801244934640846118e-01
-1.038821253643153364e+00
-2.856867532919781016e+00
-1.505158756319994628e+00
-2.769110112979690452e+00
-1.892706643224517205e+00
-1.304756044221434763e+00
-1.511484203198720788e-01
-1.237541422902294297e+00
-2.759466055936259932e-01
