-7.513865160539063837e-01
-7.735568758927477973e-01
-6.437649062677750500e-01
3.687833823971074509e-01
-2.120406354873844101e+00
-5.108256237659907217e-01
-4.700370983298721939e+00
-1.635222004577173982e-01
-3.418004263474936355e+00
-1.054111858179753725e+00
-1.340301055065042268e+00
-1.289871309120458243e+01
-5.151457312654190712e-01
-3.303740948183341297e-01
-1.561264260406431070e+00
-7.306808835408582503e-01
-9.016141606290194455e-01
-4.511527659820036007e-01
-1.266388682704758351e+00
-1.632692793240847706e+00
-9.074679684812690939e-01
-7.756502932484971025e-01
