-6.791749437896470454e-01
-1.144887257762595256e+00
-3.853357439024008291e-01
6.911017013969105172e-01
-3.682784463759297910e+00
-1.537649470753578385e+00
-3.321469961869631948e+00
-1.005155353973960608e+00
-6.013182160202797943e-01
-1.202561361159169673e+00
-3.430003116697660559e+00
-2.113957831284314803e+00
-4.559153440608589847e-01
-1.492006511763985799e+00
-1.939249342152156386e+00
-1.699915636303631183e+00
-3.103916069634075736e+00
-1.489626258980847329e+00
1.831205810429729075e+00
-1.799298945619305368e+00
-1.441926500217944884e+00
-1.051569534796786609e+00
