-6.979357006770100513e-01
-8.338077493128558393e-01
-5.678044141585527615e-01
5.928055377481429300e-01
-2.180509095239707928e+00
-1.723176170462487278e+00
-7.076541875402435622e-01
-2.537404159880489174e-01
-7.922975209045793887e-01
-9.407411893821915339e-01
-2.528734955358017178e+00
-3.712288404661754360e+00
-4.798390525562809539e-01
-8.265807386690269265e-01
-1.042958191318075212e+00
-9.724807375774571216e-01
-2.747720330982076575e+00
-1.331916134011224662e+00
-1.550505066524408226e+00
-1.013777976741236264e+00
