4.910000000000000000e+02
2.298569130690688578e-01
2.054633266098561784e+00
1.902213853042953873e-01
0.000000000000000000e+00
1.840172730481596242e-01
1.713674276898227156e-01
1.561813867801244704e-01
1.624491863854466422e-01
1.679577241217690420e-01
1.491335857704046142e-01
1.406267296220095053e-01
1.535952621475984714e-01
1.601264443990526587e-01
1.231745157108132538e-01
1.382200072383754919e-01
9.042502109471790839e-02
1.603642752594627019e-01
1.109504862965617622e-01
9.034999999999999432e+01
9.034999999999999432e+01
2.285999999999999943e+02
2.015500000000000114e+02
2.781000000000000227e+02
2.808999999999999773e+02
2.621999999999999886e+02
2.566999999999999886e+02
2.901499999999999773e+02
2.868500000000000227e+02
2.871499999999999773e+02
3.001499999999999773e+02
3.038000000000000114e+02
3.108000000000000114e+02
2.910000000000000000e+02
3.120000000000000000e+02
1.363424910883531638e+01
0.000000000000000000e+00
6.181732719715829916e+01
9.069404329720390123e+00
2.876802128586207097e+00
8.687106543381844403e+00
4.593719164338429550e+01
3.014022152374500862e+01
2.047999720652352806e+01
2.074784611884512842e+01
4.476956772352860270e+00
2.003410039084440797e+01
1.201713452872960275e+01
1.173411791127149328e+01
2.831686359678750620e+01
2.652628277153763747e+01
3.295409191323377396e-01
2.520566673674927149e-01
6.862919028877288996e-01
1.305543296600619185e-01
3.341882376930341986e-02
9.597241546580910498e-02
5.167962538809097728e-01
3.919249135008861518e-01
2.518706957838229843e-01
2.372658984643148394e-01
4.921255065679279450e-02
2.720920984868211434e-01
1.429008691035017209e-01
2.085875838182022213e-01
3.040622953064135436e-01
3.832930581474232601e-01
2.175016399397068767e+02
0.000000000000000000e+00
4.894887986154907935e+02
4.053770957436466915e+02
5.511750580882080612e+02
5.572000952647497343e+02
5.292307901674416826e+02
5.156655382472514475e+02
5.782083700145710736e+02
5.693245033499171086e+02
5.681250855085847888e+02
5.977685363700890093e+02
6.084083159507450773e+02
6.221188717826087213e+02
5.807309246016344559e+02
6.237581469882169358e+02
