-6.057664395199360285e-01
-6.954351119877786314e-01
-6.153618799416017415e-01
6.050595520188559728e-01
-2.038830185275365192e+00
-1.246896549725520442e+00
-2.808006127045875377e+00
-2.867209800521935970e-01
-2.224732814264009650e-01
-2.754288788791757980e+00
-4.560300659674080492e+00
-2.704011549968557748e+00
4.584479713326965189e-02
-4.642374468717938574e-02
-2.797698039696153938e+00
-1.377405870344143191e+00
-2.634255001299210086e+00
-1.723320740438892607e+00
-9.722738133633048729e-01
6.498130551164690294e-01
-1.119974527764098227e+00
-8.915307003096790694e-01
