-6.472634415638930383e-01
-8.083565969027260989e-01
-6.222942969617130116e-01
6.977523991216405541e-01
-2.214121174013950810e+00
-1.197359178358593512e+00
-6.458957033023779992e-01
-1.041307743496634242e+00
-7.524989003544585442e-01
-7.654041968478252356e-01
-2.432445310630048763e+00
-9.361218152871792597e+00
-8.554700530186415408e-01
-6.992982246915503408e-01
-1.106656078996922643e+00
-9.548264226235085861e-01
-2.590471837734313443e+00
-1.070994358446107242e+00
-2.165737990589421180e+00
-1.460135519821824657e+00
-1.326467917005955233e+00
-8.995099616627187933e-01
