-6.961327600960780515e-01
-8.977054729965665558e-01
-5.202560623162302278e-01
6.649660172364209032e-01
-2.850261085027455454e+00
-5.108256237659907217e-01
-3.613857199429704625e+00
-1.626904141804377535e-01
-1.064552343689045832e+00
-1.403453124248606132e+00
-2.719502610148652799e+00
-2.843301948044822947e+00
-8.098174304101296572e-01
-8.533466418303833345e-01
-1.476897537995340182e+00
-1.541436072036725502e+00
-2.966133021778964096e+00
-1.688156347567048243e+00
-2.316616693899251622e+00
-1.810628609370689146e+00
-1.164173481232150476e+00
-1.227959086966404545e+00
