-6.341511962402142100e-01
-6.943947237546020945e-01
-6.734603744049496576e-01
4.845350128001522094e-01
-2.329039735508044551e+00
-1.409946197923402700e+00
-1.383721184074481414e+00
-5.792592558142283243e-01
-1.111442723489054929e+00
-2.070789021277557929e+00
-3.224284172637703172e+00
-3.022771049727650983e+00
-8.221861802456218449e-01
-9.464671453150528269e-01
-9.916371995990919119e-01
-1.098340112190919315e+00
-2.751976017452746337e+00
-1.488438205579599716e+00
-1.140109643946466855e+00
-1.111824065901740655e+00
