-6.561394302180849625e-01
-8.179667172463100933e-01
-6.756148654499155581e-01
5.929625245524210442e-01
-2.198916060096581582e+00
-8.156845608144500659e-01
-1.040829291321576200e+00
-4.754089820477100381e-01
-8.108618778942471295e-01
-2.246987473159971049e+00
-3.258604534253488616e+00
-3.246803146806357621e+00
-8.862889734829844102e-01
-8.840860220101579570e-01
-1.614870421683342494e+00
-1.465984697030839445e+00
-2.846878634737914915e+00
-1.684939981310171087e+00
-1.811564015082800960e+00
-2.352204025370612239e+00
-1.034984226450327505e+00
-1.104148007720956226e+00
