-6.928395146097505730e-01
-8.860588565657741000e-01
-5.265357245283708298e-01
6.603491657826069394e-01
-2.804048376236962792e+00
-1.206525078807521911e+00
-2.774778644251370885e+00
-2.252991186084791209e-01
-9.874928874456180283e-01
-1.341002539041689090e+00
-2.851259102381196620e+00
-3.035621147887278770e+00
-9.128972854500730927e-01
-8.984743163064701221e-01
-1.521629247912448246e+00
-1.664950330978489879e+00
-3.042807585836381445e+00
-1.825458460907702474e+00
-2.462221591691124978e+00
-1.896948887731470412e+00
-1.283527565032737128e+00
-1.357780872986271481e+00
