-6.596165858172461371e-01
-9.359834642364115442e-01
-4.288579152969780317e-01
6.369265001951558425e-01
-3.138487302115400279e+00
-1.279156355054338778e+00
-7.958351278156547970e-01
-7.779281272931177771e-01
-1.384993095693675569e+00
6.448560979994076570e-02
-1.011425925238452095e+01
-3.227562093130594167e+00
-1.576928924239154428e+00
-1.666894768623695677e+00
-4.303992007310960766e+00
-1.520777407101441492e+00
-2.463330078574103243e+00
-2.070311467354185364e+00
-1.036852043459414174e+00
-6.687647543123899085e-01
