-6.777507081202408523e-01
-7.611161743389789347e-01
-5.934725717549486079e-01
7.161594950103468138e-01
-2.444741704042166397e+00
-1.562829995619606116e+00
-1.280840016263236736e+00
-6.425359680656799188e-01
-9.852272002145141538e-01
-1.488434564384211178e+00
-3.000987030070041417e+00
-3.728433212556208076e+00
-9.882601075079185948e-01
-1.091354287423499159e+00
-1.605776799920662912e+00
-1.458688411316278577e+00
-1.183129002622003156e+00
-1.812842005665687317e+00
-2.148529535742060848e+00
-1.775493325678485723e+00
