-6.795113697247017193e-01
-7.841140307980810631e-01
-5.094516166809253122e-01
4.774734418801119817e-01
-2.865154207539107656e+00
-5.108256237659907217e-01
-2.673586985306927843e+00
-4.214377600709179883e-01
-1.252308166049806548e+00
-1.741510301180533293e+00
-3.538815508625291262e+00
-3.870782354173721629e+00
-7.629989278905423555e-01
-9.555796477655218446e-01
-3.066689231847741670e+00
-1.340850768014992145e+00
-2.939614743359606486e+00
-1.518372903396408846e+00
-1.224712652547014669e+00
-8.003808289298816603e-02
-1.004562575086712206e+00
-7.087453423378022033e-02
