-6.319660568667019307e-01
-6.691702043160424607e-01
-6.319437441236031017e-01
4.688396932061908995e-01
-1.522460567173787860e+00
-1.561550939561379803e+00
-5.325072941161431705e-01
2.315916927846382520e-02
-1.092797582209435320e-01
-1.085522532656938433e+00
-3.189280250932466032e+00
-3.324671591186434849e+00
-2.589005182735929500e-01
-1.167742148022707788e-01
-9.257164592014293092e-01
-8.493213528500422882e-01
-1.929473136626983720e+00
-1.129361440421071672e+00
-1.174915700547938036e+00
-1.105971356176982390e+00
-7.548450532987073247e-01
-5.944209869597425477e-01
