-6.970228451351614396e-01
-8.304852738366050868e-01
-5.439679854052165142e-01
5.411965104183147357e-01
-2.881801360755207320e+00
-7.408913149763092232e-01
-2.014245135274635334e+00
-3.851773819565448842e-01
-1.088536062465035759e+00
-3.544545048538247478e+00
-7.997897649773585194e+00
-2.957588333844133111e+00
-4.033443783591326159e-01
-5.926030787289167101e-01
-1.584139862639829310e+00
-1.628242755991873292e-01
-4.843891237926275295e+00
-1.713648194840799555e+00
-2.324668492740115333e+00
-2.344107040328226699e+00
-1.416331656212409973e+00
-9.567221408196428800e-02
