-6.495027315702797122e-01
-7.709078651116560987e-01
-6.147487118818649732e-01
6.352099109818124534e-01
-2.959788134247985258e+00
-1.548140925052666539e+00
-2.521100515460246161e+00
-7.771655574448627091e-01
-1.495617068608264599e+00
-1.635855838145723107e+00
-3.213030733809369544e+00
-3.382240013745250629e+00
-8.194551430591836549e-01
-5.719233581224828500e-01
-1.669420529345301052e+00
-1.412389416072928894e+00
-1.416924508543861538e+00
-1.653491787351340836e+00
-2.192828726106798687e+00
-1.436079236226326161e+00
