-5.988242208665071065e-01
-6.014222781988365352e-01
-6.251086061306555530e-01
6.639721837518137715e-01
-2.167087053138203157e+00
-9.348071181418445841e-01
-7.754986951288633801e-01
-7.623509238506973595e-01
-2.083939895761883765e+00
-3.708771581380871929e+00
-3.509126227062386860e+00
-2.949341872727171854e+00
-3.970106470800041087e-01
-2.602646175915107607e-01
-5.185240105386213827e+00
-5.057519951501956434e-01
-3.520157376985951103e+00
-1.513933369513964289e+00
-7.401652139853548418e-01
2.654486810682346598e-01
-1.299193169503907175e+00
-1.075857274493932092e+00
