-6.860015771501264403e-01
-6.828803985889521089e-01
-5.897612473732689597e-01
6.776779593129923507e-01
-5.108256237659907217e-01
-4.597400513322993376e+00
-1.781439449093214389e+00
-2.482335602057956336e+00
-4.548895960122810500e+00
-2.850265486329236708e+00
-4.121556897888972060e+00
-1.502572704709686624e+00
-1.513304331171067885e+00
-4.581631776244742937e+00
-2.337825505993628816e+00
-4.639374819661817639e+00
-2.068983220240428800e+00
-2.283664202606153104e+00
-1.075709135507452840e+00
-1.806845804679466649e+00
-1.822894076160160193e+00
