-6.515698308657141835e-01
-7.837509777679514400e-01
-5.145118235123025130e-01
3.531044284466214322e-01
-3.186551427663745439e+00
-5.108256237659907217e-01
-3.298973827600184094e+00
-8.416790013324547681e-01
-1.659411653204098114e+00
-1.599702998958290046e+00
-1.001719117294601702e+01
-2.341416515773295348e+00
-1.180661986164921906e+00
-5.870104561876062776e-01
-2.094520941880571030e+00
-1.615951417559609027e+00
-1.183451003151328784e+01
-1.486292997125670423e+00
-2.031339283431296217e+00
-2.421062806641028242e+00
-8.070383152773027424e-01
5.054272869718016148e-01
