-6.814386984044351614e-01
-7.856495386298736339e-01
-5.372122778299192047e-01
6.138611688490815954e-01
-2.869148816007824898e+00
-5.108256237659907217e-01
-2.435956364609482616e+00
-4.802652409478436191e-01
-1.056035387997764197e+00
-1.867922033266267157e+00
-3.301721165568353378e+00
-3.783593806178935814e+00
-7.766758875556660779e-01
-9.450216666077229100e-01
-1.480054280240228115e+00
-1.408418670199516276e+00
-2.627971470531753617e+00
-1.642947959161598526e+00
-2.260048314336370545e+00
-1.599267183446826612e+00
-1.037947149115201029e+00
-1.223934919451110659e+00
