-6.800642503686972207e-01
-8.667160858322868755e-01
-5.293137211074360193e-01
4.914416008849805118e-01
-2.452887367258858475e+00
-7.644160805241803081e-01
-1.151767786739264210e+01
-5.510531284059475565e-01
-4.098863609432445543e+00
-8.631334390311532490e-01
-7.901601129970888815e-01
-7.519463853072188009e-01
-1.005713314400663361e+00
-1.059728117785962542e+00
-5.938416817416160676e+00
-1.268927187893794883e+00
-3.240655774298790259e+00
-1.596709503140044673e+00
-1.342265276160627074e+00
1.209654011994203693e-01
-1.129876155471068788e+00
1.973057646434441259e-01
