-7.250301181270631945e-01
-7.606969984032925236e-01
-3.924838023528785524e-01
5.779821098113435696e-01
-2.307986704026612212e+00
-1.110457965754509058e+00
-7.971107874592397557e+00
-6.717056554799137880e-01
-3.856887694774439712e+00
-1.581530772132751173e+00
-7.838662444653499151e-01
-6.393690357311543337e-01
-2.796288396349124739e-01
-3.647308836029787837e-01
-1.422600171720454165e+00
-1.412525673125508474e+00
-3.142238423356821908e+00
-1.021674996355317333e+00
-1.761244650243486420e+00
-2.001308542631111020e+00
-1.091558446397876470e+00
2.062177865435283752e-01
