-6.970121533227149335e-01
-8.305033770486351941e-01
-5.439510012759830593e-01
5.412986190672112174e-01
-2.881697591390708357e+00
-7.403339101943460232e-01
-2.008838926294837179e+00
-3.852984757642144431e-01
-1.088515924054260342e+00
-3.571832850461306830e+00
-8.754093902219583612e+00
-2.955358750610892926e+00
-4.032009099130747232e-01
-5.921538570411063462e-01
-1.583993768620015841e+00
-1.628130167117569638e-01
-4.885582699704504428e+00
-1.713700968168060390e+00
-2.324505802235293128e+00
-2.344399531829437500e+00
-1.415282843958595604e+00
-9.558125868152944626e-02
