-6.871040260671884559e-01
-7.218450939689009527e-01
-5.993060061824196927e-01
7.303664776960787641e-01
-2.381358873540462717e+00
-2.343718206035114715e+00
-1.241112177058335986e+00
-8.360852272511014593e-01
-9.856408543566420599e-01
-9.573944798089535357e-01
-2.760247729594832222e+00
-3.660506476719219915e+00
-8.288761335206790148e-01
-1.021365985825757550e+00
-1.431191050165926626e+00
-1.274771842165056013e+00
-3.660506476719219915e+00
-2.682086614287021220e+00
-1.698335550962065676e+00
-1.410885832749518176e+00
-1.155108080100867740e+00
