-7.347658850928167062e-01
-8.461437515180916247e-01
-5.579873987187190520e-01
6.132203483947206157e-01
-2.154295393289179295e+00
-1.035662415136285874e+00
-6.805091057117346187e-01
-3.283402163881397606e-01
-7.649221760497502132e-01
-1.481973938008742220e+00
-2.621320765546673037e+00
-5.304521189232653811e+00
-1.027202874627868967e+00
-5.781467480067545850e-01
-1.156624155130830944e+00
-1.087802418186363029e+00
-1.010176889520119969e+00
-1.391800748670050991e+00
-1.110875931914008463e+00
-1.835173778583499615e+00
