-6.030374120575027197e-01
-7.983406207990777492e-01
-5.839119519874991227e-01
5.049458162882535239e-01
-2.130248047870532790e+00
-1.283701185242494658e+00
-1.275998376656815037e+00
-1.027415141396905041e+00
-1.247102442824826518e+00
-3.488029470350776928e-01
-3.038464063790369263e+00
-3.078210478603048195e+00
-1.313160472092242514e+00
-1.357417290054303782e+00
-2.459697541716231672e+00
-1.438212147062134738e+00
-1.242236873596001434e+00
-1.866727143146068579e+00
-1.019010603967704931e+00
-9.955798356303264818e-01
