-6.758721135585058493e-01
-6.605785820286078636e-01
-5.103466171001476148e-01
7.130367912889893356e-01
-2.778141048376063349e+00
-1.060247552002049121e+00
-1.630087234802465090e+00
-4.841890243095568480e-01
-4.175756013924472598e-01
-1.904096060989634687e+00
-4.529786490134145360e+00
-4.141983663435063967e+00
-2.989763712532116924e-01
-1.191592901492678935e+00
-1.214809430330176632e+00
-1.643418419893372562e+00
-2.832580992293209032e+00
-1.453537253060673606e+00
-1.468862354036640561e+00
-1.470234892262693105e+00
