-6.519338388590090183e-01
-7.768872197142342451e-01
-5.295107354600112615e-01
4.110525831824219933e-01
-2.031193823422376532e+00
-5.108256237659907217e-01
-1.406868959592936674e+00
-6.469511741684399464e-01
-1.683897100709430106e+00
-1.163259274755572559e+00
-1.302691214647195395e+00
-3.351071866050652215e+00
-5.810915829163654234e-01
-5.625717266554005613e-01
-1.568018983144708889e+00
-1.363560907116882603e+00
-4.332624729551598719e+00
-6.811205396926862665e-01
-1.784702138602404897e+00
-1.197107833908961583e+00
-4.118499537810949018e-01
-5.080853359817771864e-01
