-6.664813553130430890e-01
-7.525249085830576501e-01
-6.444843946068674612e-01
4.507245671859476110e-01
-1.938255744413536652e+00
-4.795261632273705721e-01
-6.345115950008062278e-01
-1.117126744635618785e+00
-2.117596322581105639e+00
-3.058705168259782781e+00
-4.336208782859057642e+00
-3.390980297027359036e+00
-8.274403194677191209e-01
-6.635912177025883422e-03
-4.273655999254430959e+00
-6.363784744833159701e-01
-4.067057047556928318e+00
-1.436581195046298332e+00
6.774536819171043944e-02
-1.026784588487050565e+00
-6.689417603562408665e-01
1.020575128620478944e-01
