-6.311382368427157497e-01
-6.563739777628027072e-01
-5.752389992885056369e-01
5.427860690549499711e-01
-1.473369695359386444e+00
-2.258911823736937219e+00
-8.180511670618865194e-01
-4.631815402973973317e-01
-4.662759462590041482e-01
-8.156665824784603558e-01
-2.228493205809585209e+00
-2.883782369140547086e+00
-3.662407098931051430e-01
-4.757816574986523106e-01
-3.744776181026289175e-01
-6.298857117751552881e-01
-1.851320147106018776e+00
-1.058646559522251618e+00
-6.620591600100255159e-01
-5.024300763557295602e-01
