-6.770144319313693426e-01
-7.813562622255210144e-01
-5.494359779907650454e-01
6.314488963882621819e-01
-2.798600525598704092e+00
-1.168260796965257420e+00
-1.715799539375216565e+00
-6.405094167871588917e-01
-1.075439344378075868e+00
-1.859756241210599459e+00
-3.382424714246175412e+00
-3.900692594511630862e+00
-8.668029266895498353e-01
-1.026077760965578678e+00
-1.567082527381256973e+00
-1.513192830365868824e+00
-2.749628850157997739e+00
-1.788612713080661276e+00
-2.433812302907808700e+00
-1.700986711968988097e+00
-1.138752825335822783e+00
-1.344406254387528810e+00
