-7.272680829976987393e-01
-8.441752011656337151e-01
-5.583752539519138969e-01
5.833734817023805697e-01
-1.775239628435473671e+00
-5.828381970108884591e-01
-1.470119655041504547e+00
-9.439511861498505185e-01
-6.225618874167090366e-01
-3.771978449781385745e+00
-2.754020418821612193e+00
-3.185357584160240840e+00
-1.980080447174163705e-01
-5.510181866290569941e-01
-3.705205371865405439e+00
-1.164434239410235161e+00
-1.991643426085567103e+00
3.126748134223447106e-01
1.130494387094822945e-01
-1.378495487597160452e+00
-6.817268576753378051e-01
-7.386987485646823171e-01
