-6.556203276032884775e-01
-8.591160370928880852e-01
-5.173783941363744310e-01
4.841293141119572541e-01
-2.047963294906934184e+00
-9.599329099972424562e-01
-1.989495172432736769e+00
-3.294679537064963970e-01
-5.346516991105535466e-01
-2.912133777877899288e+00
-4.033132321379976126e+00
-3.912252147705459482e+00
-1.883516834956475150e-01
-5.580778594524909986e-01
-2.625570412687192157e+00
-1.177538955326979941e+00
-2.491409599678305220e+00
-1.303427718215132147e+00
-8.751796498474793129e-01
3.589118906245136742e-01
-1.153966768069832005e+00
-1.203924879085712885e+00
