-7.107929791598268654e-01
-6.965869104015852686e-01
-6.175153887317361701e-01
5.692877470662784933e-01
-3.620899792073204004e+00
-1.246218350372519712e+00
-1.492230149156404728e+00
-3.281919135005954002e-01
-8.999095333349704795e-01
-5.985342605675109118e-01
-2.867151462342369950e+00
-2.620007846772876459e+00
-1.368261591028513413e+00
1.299672026161250216e+00
-1.548181175873955651e+00
-1.792100008088807650e+00
-2.458952750271194088e+00
-1.721314171203944809e+00
-1.604035125098475456e+00
-2.015798354620770727e+00
-1.473874379830255599e+00
-1.468325679907951820e+00
