-6.717006894958862384e-01
-7.492839433058574583e-01
-5.423594586868437650e-01
6.959422423619303633e-01
-2.465868955964831688e+00
-1.841701602614468802e+00
-7.077728264064792052e-01
-3.126175608184748600e-01
-3.944661936062821006e-01
-1.015891059794356455e+00
-3.527221646451438541e+00
-3.564650553625005713e+00
-4.771628865735208502e-01
-7.231066297493425887e-01
-1.429491268914668378e+00
-1.045309012681124416e+00
-2.082304062939073663e+00
-1.462816561084803402e+00
-1.907015194128646840e+00
-1.949239887212358857e+00
-1.027403038990425399e+00
-1.001898347261391597e+00
