-6.799565722458131845e-01
-8.041803028149685506e-01
-6.193556227420484728e-01
4.419114550768823979e-01
-3.398437527315847362e+00
-5.108256237659907217e-01
-1.419155907305409059e+01
-1.167312438809072206e-01
-1.344892380395441300e+01
-1.531862727169806870e+00
-1.133931770628427849e+01
-1.366366352614114543e+00
-5.814134563069783823e-01
-6.945353849691207060e-01
-1.084879029408007689e+01
-7.145327167706675420e-01
-2.996360857337581951e+00
-1.419222116007074597e+00
-7.800801349167645338e-01
-8.242855874656602744e-01
-1.558878648674617118e+00
-8.469876119440705731e-01
