-6.726852775617675473e-01
-7.717482212518566032e-01
-5.972980375889612725e-01
6.028259771623916130e-01
-2.079692187553964455e+00
-1.382996106893619848e+00
-3.364388650060624597e-01
-7.696703731560611272e-01
-9.470606727297187222e-01
-1.463878688652136884e+00
-3.085989186263860429e+00
-3.069012442035239374e+00
-8.178536483998880557e-01
-7.693906240197566637e-01
-1.351984407350617756e+00
-1.227988986538770533e+00
-8.294495710558781321e-01
-1.514841789635929636e+00
-1.827067864268197450e+00
-1.779533162167790117e+00
