-6.767168941823836770e-01
-6.706558834606680675e-01
-6.595782109021537387e-01
5.235906486342550847e-01
-2.291138373147678209e+00
-1.904259933889637546e+00
-2.111230678640243941e+00
-1.149329529561941898e+00
-1.336481426846368725e+00
-5.652841451419960972e-01
-2.398791639672511078e+00
-3.164068580048763568e+00
-1.609652469030885991e+00
-1.437270716334795306e+00
-3.731777063716672505e+00
-1.851384599227888339e+00
-7.409323106837697459e-01
-1.705702037733614285e+00
-1.306304606388850376e+00
-5.113414232000802473e-01
