-6.319274012664829465e-01
-6.691823410619830437e-01
-6.319367819834597055e-01
4.689692004125790570e-01
-1.522319275073672040e+00
-1.561881023911307453e+00
-5.331718568571781613e-01
2.319335223672415458e-02
-1.089805491178088143e-01
-1.085743964598514077e+00
-3.191216128228634652e+00
-3.323212445751543065e+00
-2.587448440927700988e-01
-1.169339976906388912e-01
-9.256030763775334735e-01
-8.492916307662152775e-01
-1.929566827060603007e+00
-1.129158937733881762e+00
-1.174923226521080277e+00
-1.106051626505269558e+00
-7.545343442792470379e-01
-5.942909527068847009e-01
