-7.262189886584397014e-01
-7.920406931069526868e-01
-6.885287125909338446e-01
7.333225572401382841e-01
-2.685953033419188341e+00
-1.931047185820126355e+00
-1.628113084003906863e+00
-1.123421523077810846e+00
-6.144246412346630049e-01
-4.172273890492086967e-01
-3.229889123834146947e+00
-3.436439736818839741e+00
-1.315896300157996857e+00
-1.454265311798870419e+00
-3.170914460537331170e+00
-1.669189497433458014e+00
-2.057826403761403800e+00
-1.937711104243027949e+00
-1.286422140278086212e+00
-9.188374656901276971e-01
