-6.983560327176524529e-01
-8.445291381453361446e-01
-5.516509033489284120e-01
6.432724969629601830e-01
-3.098950628808879504e+00
-1.546694088244152887e+00
-1.480210600684640720e+00
-4.070990412172214579e-01
-1.147781876431639203e+00
-1.384774852354612173e+00
-3.679217015600632745e+00
-3.510060316671336000e+00
-8.219851612784483397e-01
-9.695933187840746204e-01
-1.477068524805470240e+00
-1.454717450535552015e+00
-3.296281742611150811e+00
-1.722405029362457762e+00
-2.278461523091361407e+00
-2.167797213441368331e+00
-1.347401287346001952e+00
-1.107021626060117558e+00
