-6.682771645608373001e-01
-8.258641430313614640e-01
-5.665469637006517178e-01
4.352525334885038455e-01
-2.074969820934570830e+00
-5.108256237659907217e-01
-1.626837919630835794e+00
4.660719204773168534e-02
-4.913293622983859743e-01
-2.151597345648051274e+00
-2.562384317849080162e+00
-3.057879994532984202e+00
-6.333989868111884469e-01
-2.817478250518572480e-01
-1.150614083590794312e+00
-1.025922124028873395e+00
-2.797708778902652238e+00
-1.050671856496542045e+00
-1.727078402432597803e+00
-1.850457524201838622e+00
-8.791315749490860032e-01
-1.030335050176899969e+00
