-6.189282873433170629e-01
-6.096886664255219968e-01
-6.019537198965267955e-01
7.830960060061722405e-01
-5.108256237659907217e-01
-1.445682794462845955e+01
-2.038526070400692003e+00
-4.525708842809327059e+00
-3.721652796113135153e+00
-4.185791225040830454e+00
-3.690643506414212016e+00
-2.815124579177742614e+00
-3.019533542484795774e+00
-2.702932091754642663e+00
-2.576651910845125126e+00
-5.502166266737211764e+00
-3.081355326222881885e+00
-3.754288881788392374e+00
-2.892401193797637049e+00
-2.554128487167113715e+00
-1.751251745040302676e+00
