-6.300642308445046913e-01
-7.442829356460709533e-01
-6.418136321264904520e-01
3.134630787375127792e-01
-1.775956602420648345e+00
8.563211594964220685e-02
-1.352349668557202955e+00
-1.969114485127609449e+00
-2.948653434188669653e+00
-1.944177718810441213e+00
-4.408651499713551303e+00
-4.630868652751583880e+00
-1.719140377706583234e+00
-2.206120847180251143e+00
-1.452688942375262471e+00
-2.152064136307207498e+00
-3.514766514391300056e+00
-2.890500574346406282e+00
-2.983583329358135305e+00
-1.880775169133247937e+00
-1.682583583457336385e+00
-7.659378147346066479e-01
