-6.891224662073538454e-01
-8.097096004067388941e-01
-4.400444320452975289e-01
6.734767358046459540e-01
-2.420391914862053628e+00
-1.302696677255844371e+00
-1.185484420824748142e+00
-8.896512599687191880e-01
-8.117688750787817042e-01
-7.170032288333537673e-01
-1.182231141910450312e+01
-3.026161105284570052e+00
-3.395662026929835986e-01
-3.968706666554793622e-02
2.884647820927064843e-01
-1.164647059322853728e+00
-1.309776651472309972e+01
-1.374510001714899454e+00
-2.045994756413431315e+00
-1.752604320388785775e+00
5.149537709418222642e-01
-6.776026378370677561e-01
