-7.100602509209616997e-01
-1.134580870004118003e+00
-4.763206335158578497e-01
3.634067879803476453e-01
-1.800401719175220849e+00
-1.536319813516661359e+00
-1.318689395705007961e+01
-5.873749901471275736e-01
-9.524270276973769711e+00
-3.608843298485424178e+00
-1.249100404129571018e+00
-6.109133013766924192e-01
1.400113158094435095e-01
-1.129243211088103716e-01
-3.859358913178866590e+00
-6.868859177818835704e-01
-2.784693581432049481e+00
-1.052053063365195218e+00
-3.841287036297631463e-01
1.069665985122396634e-01
-1.057851003701191006e+00
-7.699743817155985104e-01
