-7.195077625381884889e-01
-7.578106459990179289e-01
-3.948496949171938497e-01
5.482846299340562446e-01
-2.263484643274891184e+00
-1.075702070863077342e+00
-3.769044317892477736e+00
-7.344734259478993277e-01
-3.604012848345047981e+00
-1.675938003529138243e+00
-1.474731782318473128e+00
-6.550813028271474936e-01
-3.510086171817969891e-01
-4.008734099281500707e-01
-9.138176037146045205e-01
-7.984925202913516484e-01
-3.508986839194287555e+00
-1.005855227989773670e+00
-1.789584425221846908e+00
-2.004734032192196480e+00
-1.075401238446268781e+00
1.715054661529154256e-01
