-6.850750685608403279e-01
-7.720697856119047575e-01
-5.272941580403029960e-01
5.661323558857775939e-01
-2.324628707046624942e+00
-1.408437973371771346e+00
-1.315181199472723383e+00
-1.065913843057094912e+00
-7.849271734874279094e-01
-1.337912222673890206e+00
-3.646637235336208427e+00
-3.466934726588927873e+00
-6.485003286389359189e-01
-5.188413125709548934e-01
-1.482835173667725437e+00
-1.415914769171021437e+00
-1.082883235170724268e+00
-1.493932839834573700e+00
-2.419520124208839107e+00
-1.926969967575036469e+00
