-6.674330785841828817e-01
-7.724892153646647497e-01
-6.386779643315068089e-01
5.653623470449197219e-01
-2.198147258260993997e+00
-5.108256237659907217e-01
-1.764854018637480149e+00
-6.642345040096053754e-01
-7.066349452059313974e-01
-1.101738229854259288e+00
-2.968737987485897900e+00
-4.027878675034852307e+00
-9.274141366771267991e-01
-7.102738538399354651e-01
-1.258136040718088822e+00
-1.287917104093063037e+00
-2.497543776167873375e+00
-1.281784324546329623e+00
-2.120885132290774688e+00
-1.536697765297670548e+00
-5.597567608360969338e-01
-8.071454074867073780e-01
