-7.066173707382782387e-01
-7.868831139726198964e-01
-5.453565457148257245e-01
5.308375861951225572e-01
-2.226134442728088025e+00
-1.355107434022939428e+00
-1.458809114034758325e+00
1.332064728166891809e-01
-1.101781405085613841e+00
-1.488894976583612806e+00
-3.264870828754480758e+00
-3.307551503541473981e+00
-8.823157129615915029e-01
-3.335591844670477424e-01
-1.486534200566133501e+00
-1.200196814752243490e+00
-3.143713411788643164e+00
-1.103158170470194710e+00
-2.002077669003369031e+00
-1.639712774647202442e+00
-9.622541166575210303e-01
-1.008243748556685748e+00
