-6.892132733494926722e-01
-8.096753196814634457e-01
-4.400061510447498270e-01
6.734933911245135629e-01
-2.420477529583131560e+00
-1.302774144723443994e+00
-1.185299078473866174e+00
-8.898123517679248362e-01
-8.118720261120578874e-01
-7.172027071659213826e-01
-1.181833268388883518e+01
-3.013914643156969220e+00
-3.396178205032118202e-01
-3.982648429947430180e-02
2.885570363017778139e-01
-1.165116598993368946e+00
-1.175045694440160737e+01
-1.374664696468964831e+00
-2.043800956088078546e+00
-1.754670097202589707e+00
5.152251091719394216e-01
-6.778446089910405981e-01
