5.260000000000000000e+02
1.584866151387163413e-01
2.005833645734125703e+00
1.260605906307481205e-01
0.000000000000000000e+00
1.132365799476921508e-01
1.189559709246804375e-01
1.243026417167662906e-01
8.687923621614801473e-02
1.028662143108032001e-01
9.647565234906188558e-02
1.024231323678804900e-01
9.557129924310800440e-02
1.067762438097530492e-01
9.103681754407759452e-02
7.800919209340853588e-02
8.283582790812804575e-02
9.368161176283530678e-02
1.155975699725363542e-01
1.286999999999999886e+02
1.286999999999999886e+02
2.981499999999999773e+02
2.855000000000000000e+02
3.383999999999999773e+02
3.404499999999999886e+02
3.353000000000000114e+02
3.383000000000000114e+02
3.488500000000000227e+02
3.449499999999999886e+02
3.456000000000000227e+02
3.550000000000000000e+02
3.633999999999999773e+02
3.603999999999999773e+02
3.611000000000000227e+02
3.511000000000000227e+02
2.001643679133857034e+01
0.000000000000000000e+00
4.722555528875876973e+01
2.491578377369728869e+01
2.485417298760006055e+00
1.686746091073555220e+00
4.302660282016955762e+01
3.175036861601382654e+01
1.702841533279985242e+01
2.326439479594742110e+01
9.223421949192488256e+00
1.502355341922551268e+01
8.397686173633212903e+00
8.456433502214684594e+00
2.416099813018676201e+01
2.993352046944279721e+01
4.923273979301041048e-01
7.317984044970876623e-01
6.742675755852280961e-01
3.619231948784194519e-01
2.938272118845814199e-02
2.836214219449931240e-02
6.204876893119702919e-01
4.854880763709335523e-01
2.393728766153835064e-01
3.514803531300091377e-01
1.247108087395248643e-01
2.316032863161776589e-01
1.485571921761859593e-01
1.423756679816191584e-01
3.578541533701430910e-01
3.672215567518097856e-01
3.225176056926374031e+02
0.000000000000000000e+00
6.185261329711210010e+02
5.787245290892733465e+02
6.804981425470572276e+02
6.845334707106457017e+02
6.741105608594616569e+02
6.778794677765918095e+02
6.945463636749519765e+02
6.925692660532720311e+02
6.926492085216393662e+02
7.125426764973830132e+02
7.246364542332523797e+02
7.170232632887923501e+02
7.206998896500563205e+02
7.051490497523473095e+02
