-6.065513400075083217e-01
-6.947790058766770693e-01
-6.187110230376631215e-01
6.095350047699390483e-01
-2.126332644170132014e+00
-1.677883337828632193e+00
-4.333725564914191253e+00
-3.024785691404874299e-01
-2.726982991011728252e-01
8.719593383530423875e-03
-2.880712085520989341e+00
-2.788650769135149865e+00
-1.484708680434963846e+00
-1.096542953380204022e+00
-2.959978331162153253e+00
-1.311633209090414809e+00
-1.981548523452302923e+00
-1.752937168505921184e+00
-9.907489722790322473e-01
-8.027248626944075705e-01
