-6.467313463426210829e-01
-7.649551931207095867e-01
-5.512886060609343275e-01
4.715388630809185244e-01
-1.971718468162841464e+00
-8.286865360621812338e-01
-5.216474980679454143e-01
-1.408102167062919907e+00
-1.243423294513370525e+00
-1.527982429304990175e+00
-2.236839115402390998e+00
-3.332661837268425131e+00
-6.846574908401238391e-01
-7.036238862160989482e-01
-1.675202797535407573e+00
-1.494953768179002607e+00
-5.156262693864578139e+00
-5.965072886468274493e-01
-1.986080976081434191e+00
-1.301995160157441989e+00
-3.518431818247862997e-01
-9.270846740823019960e-01
