-6.056284535104353717e-01
-6.766676461816393262e-01
-6.286582444111908918e-01
7.118927395372520728e-01
-2.490126727796936557e+00
-1.954813154962026234e+00
-1.234967378808085492e+00
-3.943152238371208096e-01
-7.842440160214283473e-01
-1.549311134804915557e+00
-2.997379535332383771e+00
-3.943769771644710875e+00
-8.297475315841006394e-01
-1.135792722969988677e+00
-1.445908380736808052e+00
-1.322680659007086312e+00
-2.867064461096023198e+00
-1.379204592366466198e+00
-1.835228645044624241e+00
-1.605412226465717351e+00
-1.090120242028558950e+00
-9.752567938387096680e-01
