-7.105538211961361927e-01
-7.220628789506798872e-01
-5.909262618244337517e-01
4.614394542774137298e-01
-3.367426542912193455e+00
-8.381154423044420154e-01
-2.857763168353128602e+00
-3.306643224224834476e-01
-8.872194072982326762e-01
-5.919412401755342890e-01
-1.101288942633678225e+01
-2.942399633938722836e+00
-1.393324393332204592e+00
9.833536272073236661e-01
-2.599242776114186193e-01
-1.411887541188872275e+00
-2.930698420762484435e+00
-1.578450885506285761e+00
-1.443833852227913717e+00
-2.420729164730618610e+00
-1.012930323186038289e-01
-1.491353809407439446e+00
