-7.008506333803311561e-01
-7.634446459250271433e-01
-5.219198768865976890e-01
8.010449606941820733e-01
-4.009643529758121439e+00
-1.754197249821923599e+00
-2.292536402594433476e+00
-9.151195158389344719e-01
-1.002432670853828922e+00
-3.192759504339103271e-01
-3.632723764032240510e+00
-2.451618632264102704e+00
-1.697161867943548952e+00
-1.491627954069633111e+00
-3.748869509806600497e+00
-1.705320101041301717e+00
-1.924938082518212079e+00
-2.001723357357798605e+00
-1.616650449761207531e+00
-8.595948952822147771e-01
