-6.772969460210804815e-01
-7.818692629126343663e-01
-5.486426598163718360e-01
6.318538177086732155e-01
-2.800334077411047673e+00
-5.108256237659907217e-01
-1.735383904016925882e+00
-6.349624845504016069e-01
-1.073158935220590804e+00
-1.856750089379138213e+00
-3.382639247598552501e+00
-3.893622001054208415e+00
-8.635374456897298989e-01
-1.023292670419326589e+00
-1.563254349254506792e+00
-1.509419635208194110e+00
-2.746910883834148720e+00
-1.784223664918340058e+00
-2.428701052538317917e+00
-1.697647973275712374e+00
-1.135091065464322035e+00
-1.340680871359168913e+00
