-6.597123411247189928e-01
-9.358916872202134307e-01
-4.285841355774486217e-01
6.375192632816522043e-01
-3.138752526581301439e+00
-1.279855104561968160e+00
-7.951784988886697603e-01
-7.789272924231435136e-01
-1.383581678086449163e+00
6.467510741569115762e-02
-7.863128590929058248e+00
-3.237091179552470166e+00
-1.576576504842799542e+00
-1.666481074902725013e+00
-4.215280970050352849e+00
-1.521116582029401698e+00
-2.461847966165640944e+00
-2.070797019297089481e+00
-1.038605055216321515e+00
-6.698118529404277766e-01
