-6.817447644916937444e-01
-8.136680407537737469e-01
-4.436640987738537101e-01
7.291880882700699784e-01
-2.399816237164961841e+00
-5.108256237659907217e-01
-1.536662652059419987e+00
-7.251812209853031321e-01
-5.681835798047087938e-01
-7.881523700508326069e-01
-2.639936800457168165e+00
-2.923877945515305221e+00
-2.979798974681287516e-01
4.820982758181904110e-03
-1.016299308693251247e+00
-1.253813150711470925e+00
-2.251969068380887951e+00
-1.433347100274094954e+00
-2.111043734276397021e+00
-1.519774191317652345e+00
-4.558007084941159692e-01
-7.637352030427131400e-01
