-6.028409727699829412e-01
-7.827598327389431176e-01
-6.253409437585013553e-01
6.081505824818613792e-01
-4.245516412629751990e+00
-1.112720595144162594e+01
-3.326343233965190826e+00
-3.458705218466114339e-01
-7.388885534289745260e-01
-5.809100696777917960e-01
-8.165505983109863308e+00
-4.270061346223624099e+00
-1.331333049006028224e+00
-1.598113678090067546e+00
-3.678507041544426315e+00
-1.530804306118418001e+00
-2.482798146580367238e+00
-1.762240359360275788e+00
-1.018488577164585740e+00
-1.192152658561064005e+00
