-6.440496247572911059e-01
-8.294526520608411779e-01
-5.759161827622948371e-01
4.211087439654125908e-01
-2.101863538100756212e+00
-1.192611692318112704e+00
-6.172264429769326455e+01
-1.013129419533182057e-01
-7.872871889856013716e+00
-2.729541214916417768e+00
-4.025819180649385376e-01
-2.995636195554714498e-01
-1.031919522101578945e-01
6.412041517602835861e-02
-5.839237519373290830e+00
-1.278770541819721718e+00
-4.584413676150947303e+00
-1.550930600427491424e+00
-1.541177271496642742e+00
4.290056753297029624e-01
-1.277277043921872357e+00
-1.041632055042478244e+00
