-6.829701724989698519e-01
-7.954725122110373192e-01
-4.763672354696505407e-01
6.254978036445160150e-01
-1.952762084850200308e+00
-7.142981882908097102e-01
-1.548598568838448042e+00
-6.646392703934724810e-01
-1.544479697736502177e-01
-3.678074837110553386e+00
-9.215882598306510687e+00
-2.626325967148325446e+00
-1.654911012606036236e-01
1.481611526442857228e-02
-1.543872393816244637e+00
5.079906897804059573e-01
-3.048219698864596428e+00
-1.213613102599741866e+00
-1.974595992944074840e+00
-1.483642900711321211e+00
-1.139900387834137385e+00
5.117697154480407296e-01
