-6.716494705305362523e-01
-7.491969101153184152e-01
-5.425383532437406675e-01
6.962001251862648399e-01
-2.465635210857753723e+00
-1.842167367427809843e+00
-7.086616495636104407e-01
-3.122936943149660083e-01
-3.941196404962176714e-01
-1.016152132973970224e+00
-3.544058163350399138e+00
-3.554406740208341020e+00
-4.772490433163571466e-01
-7.230871016503012116e-01
-1.429305107000866437e+00
-1.045372314583095097e+00
-2.082032011745434286e+00
-1.462410826732122748e+00
-1.906533954525132524e+00
-1.949263998150811084e+00
-1.027657073525340081e+00
-1.001775810499253572e+00
