-6.983352684275435651e-01
-8.263782703281485897e-01
-5.380865296677995735e-01
5.774921676614205301e-01
-2.894434590798505624e+00
-1.445279037380028830e+00
-1.985756982521491354e+00
-2.566882939058096058e-01
-1.230695649508156908e+00
-2.289057192019647413e+00
-3.426074857475546409e+00
-3.041759071442429185e+00
-9.445889592455419814e-01
3.975807408656438224e-01
-7.951188207265925678e-01
-1.186981304626509415e+00
-2.731486493358578738e+00
-1.605085378359998538e+00
-1.181043911563009807e+00
-1.108073937646244067e+00
