-7.101134088463888494e-01
-1.134743757852527901e+00
-4.763435655508370115e-01
3.636102137019392444e-01
-1.800687163011777558e+00
-1.536165777015125800e+00
-1.110824692724567520e+01
-5.865561361322285672e-01
-1.039052460745867101e+01
-3.714048363136507991e+00
-1.248359123519039660e+00
-6.106241729092645176e-01
1.417037973407041240e-01
-1.105547087789683636e-01
-3.861067498121265373e+00
-6.865431851472055813e-01
-2.780342446294398417e+00
-1.052792909681601996e+00
-3.840740688814141546e-01
1.072561546629712537e-01
-1.057779283003672299e+00
-7.697578346281519490e-01
