-7.251726955451752721e-01
-8.629033591250157009e-01
-4.099392196909155128e-01
6.931828259122723157e-01
-2.140185574269497959e+00
-1.146020014576384360e+00
-1.213384558824709192e+00
-7.453403185036152623e-01
-3.271018677607781533e-01
-1.668531935695412693e+00
-3.742161239816744978e+00
-3.077166350390051264e+00
-9.146594251769568640e-01
-9.482158723577064352e-01
-8.227771576055809000e-01
-1.329830198148917342e+00
-3.357459696599153887e+00
-1.587553704668677179e+00
-1.190687407481696658e+00
-8.785604121565427915e-01
