-6.800468735617980487e-01
-8.665424592670911697e-01
-5.293272158499565672e-01
4.914859294783129329e-01
-2.452535565168078691e+00
-7.634257300949371938e-01
-6.786505973609084030e+00
-5.521779709410490344e-01
-4.123104661989593467e+00
-8.644495212720484378e-01
-7.901799953514947461e-01
-7.533821648982124142e-01
-1.006760693050829047e+00
-1.059816576096984875e+00
-5.956368777928013891e+00
-1.269310007302494991e+00
-3.260446327543654377e+00
-1.595169750086453231e+00
-1.342424942143550348e+00
1.205860844063092324e-01
-1.129061110563810866e+00
1.971090390531531622e-01
