-7.056878082928798035e-01
-1.034996051710392440e+00
-3.752210577314886719e-01
6.270974715283196277e-01
-3.217129426737947551e+00
-1.124287397622959261e+00
-8.985878462015791657e-01
-1.088682469799165276e+00
-6.668935345220906585e-01
-2.196290913615208229e+00
-4.671682621693636683e+00
-4.361441287170867653e+00
-9.792569615208847056e-01
-4.552616014789204746e-01
-1.896854204298916935e+00
-1.488394492251236878e+00
-1.686387120987574040e+00
-1.755059751351408126e+00
-2.319455193123884040e+00
-2.678672244213720965e+00
