-6.597779708584458058e-01
-7.720060838828601835e-01
-5.352999087259088240e-01
4.821003377437843018e-01
-1.837212145559022458e+00
-4.128692333729658825e-01
-8.542721219393247800e-01
-1.135429534873285684e+00
-1.072599028384029429e+00
-2.839725879366798988e+00
-2.234765400768922827e+00
-3.859874118100287799e+00
-4.319163008115913666e-02
-5.005368507841373438e-01
-2.341819982707143311e+00
-1.521874291519196731e+00
-4.949150811458425281e+00
-7.012911592913256831e-01
-1.642516060728224536e+00
3.195717718294979748e-01
-4.271047187976045878e-01
-9.887119177130598846e-01
