-6.972730460005646114e-01
-8.418601241323407924e-01
-5.532000346260000923e-01
6.382710342444918306e-01
-3.096254000414117247e+00
-1.509577036595304289e+00
-1.471771225235140479e+00
-4.321202823500057688e-01
-1.113661294092832543e+00
-1.424908605654154448e+00
-3.677449866850297511e+00
-3.356173257862410608e+00
-8.261168627465452774e-01
-9.645696973867939894e-01
-1.482143191816881700e+00
-1.472278176006276418e+00
-3.019044375363858723e+00
-1.738997811151511197e+00
-2.279294536447507902e+00
-2.178421068208389766e+00
-1.370521217118762181e+00
-1.099260474453352288e+00
