-7.394915227438586536e-01
-8.390797096601456673e-01
-4.675840738940039154e-01
7.845997343972321847e-01
-2.670531735293296016e+00
-5.052414530485235256e-01
-1.008990050166244101e+00
-1.843893450383642385e+00
-9.773004189526892649e-01
-6.225066303342137175e-01
-7.699690791027139269e+00
-2.703879274422475554e+00
-6.670705133140952814e-01
-1.088901811828492994e+00
7.168247424404135260e-02
-1.922326532548930933e+00
-3.873980182722005505e+00
-1.681306985558639333e+00
-2.250254572130747199e+00
-2.721688181284059205e+00
-1.379038029729773296e+00
1.396743780524150047e-01
