-7.389787059470175334e-01
-9.842195309005717929e-01
-4.973857989582549100e-01
5.663722482482863585e-01
-2.267472998270713802e+00
-9.473543490969700276e-01
-2.077034426476735529e+00
-9.587494320819844873e-01
-2.160158216656066887e+00
-1.366781838355031864e+00
-8.171430512456453465e-01
-3.379726989308805551e-01
-7.324138760289106154e-01
-9.865493890741440230e-01
-1.215901374806696822e+01
-1.229023047854608253e+00
-2.977891566415016733e+00
-1.492126479370671222e+00
1.727787749956748997e-01
-9.838886129664498048e-01
-1.181416366621563574e+00
-1.085545341846614331e+00
