-6.969367291975233636e-01
-8.304519432430658155e-01
-5.439977767638279893e-01
5.411963942769585367e-01
-2.881763299247138477e+00
-7.404281676715323002e-01
-2.010253817572485335e+00
-3.849109725969373508e-01
-1.088618479888071811e+00
-3.573287439294064338e+00
-9.603366197790208503e+00
-2.958014637808828340e+00
-4.029782793403125507e-01
-5.921964115704549947e-01
-1.583645968330792186e+00
-1.627117565356902829e-01
-4.831906801298416987e+00
-1.713998790762611968e+00
-2.325026496845144841e+00
-2.343969650613459077e+00
-1.416730576804867470e+00
-9.567705012052953040e-02
