-6.759581301441458523e-01
-1.135171260120277914e+00
-3.837596976869837584e-01
6.564931706559932190e-01
-3.493052271902526762e+00
-1.184670865818076013e+00
-1.303575454210230156e+01
-1.025576909675663950e+00
-8.373041473235162124e-01
-1.717244644075392568e+00
-1.217733558287063822e+01
-1.490399778878550574e+00
-3.146186532087806298e-01
-1.014625900465757402e+00
-2.010767934003289792e+00
-4.365851254280505023e-01
-2.961120531297210423e+00
-1.657012417503267443e+00
1.652462188882222627e+00
-2.187066646944039849e+00
-1.397606656842597550e+00
-1.177220687012594746e+00
