-6.416913673198725299e-01
-8.110057660465841423e-01
-6.173754259099215602e-01
7.123942062111190410e-01
-3.360282226469280431e+00
-1.592868564986286817e+00
-1.448137684473251197e+00
-5.452356985819275526e-01
-9.790014453283365503e-01
-1.012183171953438432e+00
-3.112882825053417957e+00
-2.938424677266250562e+00
-7.389959279925236713e-01
1.259209418545407466e+00
-1.120779640383751996e+00
-1.239204160527745735e+00
-3.738634101010847033e+00
-1.493967421699130771e+00
-1.043813050072517346e+00
-1.071998031501401050e+00
