-7.136158102241039192e-01
-9.617217367718206011e-01
-3.560120453468637036e-01
5.620696173187870182e-01
-2.734981474400870027e+00
-8.219536160594089758e-01
-1.906226992409789034e+01
-3.750271783298275707e-01
-2.119791230969374141e+01
-1.724252176346442456e+00
-7.621867845592259494e-01
-7.739806992810968067e-01
-1.827120600838899600e-01
-7.508400260611618193e-02
-1.236398574227883174e+01
-1.390542369891068164e+00
-1.319354910343195542e+01
-1.261392176542461829e+00
-1.590098215134213122e+00
1.378110146937275848e-01
-1.473352107059613836e+00
1.319258845535915270e-01
