-7.136373243323553828e-01
-8.255356843192482863e-01
-5.408005836460719751e-01
5.841438691939920824e-01
-2.247501041185709703e+00
-1.665996686755426559e+00
-1.771707813250150920e+00
-9.172988828864611088e-01
-1.381621631719613275e+00
-1.597288953265245226e+00
-4.144039323459132618e+00
-2.926091976885763390e+00
-9.283092213621342292e-01
-2.394291442676203252e-01
-7.117086220377820682e-01
-1.064005839555821398e+00
-3.211135626761009831e+00
-1.535495378701896785e+00
-1.174557096855533445e+00
-1.277213244734931363e+00
