-6.727363321184028910e-01
-7.734266554159602292e-01
-5.588432892601729041e-01
6.266329583414625981e-01
-2.772378605054093281e+00
-5.108256237659907217e-01
-1.471420537337380319e+00
-7.270779285269958203e-01
-1.120030303682030715e+00
-1.899073633788154858e+00
-3.418062334599869967e+00
-4.027634307114624335e+00
-9.253578988176296427e-01
-1.076028107376420406e+00
-1.631402743997232507e+00
-1.574603264143881853e+00
-2.825565732836808674e+00
-1.856798825574285994e+00
-2.525138834187173220e+00
-1.759560070787940411e+00
-1.202323728612010090e+00
-1.410117469677788282e+00
