-6.615486367750729180e-01
-7.737842723260023314e-01
-5.292128136050392451e-01
4.869703171299109568e-01
-1.765990017132761825e+00
-3.236712222213533607e-01
-4.543833565855912027e-01
-1.511346315966567655e+00
-2.144642247617634112e+00
-2.617698352729363354e+00
-4.857890938149794557e+00
-3.190434263436058515e+00
-3.909153166490026976e-01
-4.049140246092221007e-01
-3.015389788162672335e+00
-6.319878113787972262e-01
-4.323953301377531311e+00
-8.495246237392936051e-01
-1.132263438562223001e+00
1.974142465462151441e-01
-5.231573348532699841e-01
-9.009835286506030494e-01
