-6.785930750130562128e-01
-7.451293503898881454e-01
-6.008719907646824510e-01
5.397508938758668329e-01
-1.611577040315231413e+00
-1.863672222916326060e+00
-6.341003957535134017e-01
-5.986056142277903502e-01
-1.302338387951333942e-01
-6.992024002979141395e-01
-4.571719331334406888e+00
-2.571695714005734601e+00
-4.422949596333818345e-01
-4.203839390857913583e-01
-7.764083863776849448e-01
-6.054143812924952517e-01
-5.793709714387028642e-01
-7.328944481578294479e-01
-1.608157808922238141e+00
-1.062100509028647277e+00
