-6.766873963520944057e-01
-1.159402851845613425e+00
-3.804885485057292738e-01
7.175443419834418579e-01
-3.665632444956496983e+00
-5.108256237659907217e-01
-4.032158264544088766e+00
-8.605435601657165368e-01
-7.260315765415246148e-01
-1.317122063055343295e+00
-3.405899896484434919e+00
-2.124501593352604356e+00
-4.030922711579500439e-01
-1.364529466162167859e+00
-1.935893671081437395e+00
-1.594874465014602727e+00
-3.100360706436691594e+00
-1.364850537964544364e+00
1.797525269112504542e+00
-1.722840007926431660e+00
-1.402617134253743236e+00
-9.645093635089854178e-01
