-7.135690605611862969e-01
-8.256791811011336968e-01
-5.408996574248716716e-01
5.843425068897978303e-01
-2.247412165532587824e+00
-1.667750567424560737e+00
-1.771791487204452231e+00
-9.161935199595450108e-01
-1.381677277526571990e+00
-1.598237383184570870e+00
-4.141028189582327101e+00
-2.927464024229998962e+00
-9.279874610427637505e-01
-2.391152520955366068e-01
-7.121922840618816197e-01
-1.063814232575714724e+00
-3.209288812639207844e+00
-1.535561307302944156e+00
-1.174134243055178217e+00
-1.276663775166748005e+00
