-7.065392505554796143e-01
-8.556903226900174353e-01
-5.379645172283753496e-01
5.583806404365211362e-01
-1.898146238398572772e+00
-5.108256237659907217e-01
-3.813723560380605004e+00
-4.703554189129498520e-01
-9.153729093692665186e-01
-2.438942904631239195e+00
-2.672747632414266938e+00
-3.772678499983234790e+00
-1.217119482654509949e-01
-3.852184200633070321e-01
-1.251549216079534510e+01
-8.205957141048004777e-01
-1.367280891994791858e+00
3.531088697449384362e-01
1.795435829704487840e-01
-9.164261410278832232e-01
-4.538763746182595260e-01
-6.017698612809933012e-01
