-7.348166651262488802e-01
-8.461250137724495302e-01
-5.579519436960411749e-01
6.131682235829420957e-01
-2.154239119507543432e+00
-1.035588238530087413e+00
-6.805703087661959527e-01
-3.281828696608204976e-01
-7.649151884611801178e-01
-1.482492005343152286e+00
-2.623056822913488073e+00
-5.286267387395971795e+00
-1.027070309952949678e+00
-5.783705904865231728e-01
-1.156769896656114627e+00
-1.087539776883114317e+00
-1.010097310457462871e+00
-1.392089561048779123e+00
-1.110856231675648953e+00
-1.835049894120129199e+00
