-6.527952254875600824e-01
-7.939701962736863683e-01
-5.625295449130193193e-01
5.909396794685610743e-01
-2.310459694054894708e+00
-1.523080092294695653e+00
-1.420015588595278100e+00
-1.063354259861712503e+00
-2.929766098607332614e-01
-1.227545183547021912e+00
-1.226135025579013416e+01
-3.070166319772287267e+00
-1.034526781905085180e+00
7.195231734104200472e-01
-1.536083457052942913e+00
-1.351108757104509728e+00
-2.681266079003143066e+00
-1.201190940492784298e+00
-1.990863583947261262e+00
-1.248229692128763890e+00
-1.300528510251810266e+00
-8.784316780435973415e-01
