-6.750168924767735446e-01
-8.768505265151835815e-01
-5.391980977183782331e-01
4.916746460812684294e-01
-1.881224432227889709e+00
-1.031786395629961328e+00
-1.532657769231312557e+02
-3.226348394106491324e-01
-5.578220149262733685e+01
-3.777016556813151960e-01
-6.448534743864947627e-01
-4.873579164913975359e-01
-6.681385745823253952e-01
-7.580941771955276298e-01
-1.282475935557225277e+01
-1.054512873088871761e+00
-2.405969014909292714e+00
-1.479968653586512195e+00
-1.051107499682447211e+00
2.641673684357878082e-01
-1.197407241906822017e+00
-1.244212494236284661e+00
