-6.541149597580511177e-01
-8.920645862093911083e-01
-4.810703806838497743e-01
8.411175517179521055e-01
-1.476717591027552512e+00
-1.887298121204505907e+00
-4.425145633484095509e-01
-2.763926820965292297e-01
-4.306791733740959749e-02
-1.323709384272488743e+00
-2.440856604409206820e+00
-3.264863890396173307e+00
-2.410440753517100743e-01
-9.945271172797982562e-01
-1.312466521838405509e+00
-9.210552041051720540e-01
-2.574041667948559375e+00
-1.088585739766740668e+00
-1.628020900916821168e+00
-1.081015106692495342e+00
-5.051650708937753809e-01
-6.402707572317671847e-01
