-6.093313627513039510e-01
-6.772826024744664775e-01
-6.202539219015342775e-01
6.964568322061073236e-01
-2.520382799572724153e+00
-5.108256237659907217e-01
-1.524625960535994196e+00
-2.894072497013457368e-01
-7.797420795293482643e-01
-1.550033860955146059e+00
-2.955387133236390795e+00
-3.840312491586083787e+00
-7.922076647915589076e-01
-1.056369028492043061e+00
-1.401478784977345127e+00
-1.252331207076017527e+00
-2.803120600343439239e+00
-1.323715631855555408e+00
-1.773726535595461895e+00
-1.549004976609696271e+00
-1.031464516947152132e+00
-9.215740731292947352e-01
