-7.361235191404618128e-01
-7.495591349680955640e-01
-3.804357992040559577e-01
7.419365763908138955e-01
-2.449581102233544971e+00
-1.342016381352529653e+00
-1.197127290390276544e+00
-1.330389695937886030e+00
-7.174610103604924793e-01
-1.394967511626010737e+00
-4.016397916041799299e+00
-2.721963542411586445e+00
-4.695651318407365604e-01
-6.776713723755029006e-01
-1.508714338910843278e+00
-1.239146286218000270e+00
-2.505102895055477230e+00
-1.135928649601169127e+00
-1.853839701130480799e+00
-1.813640206731289783e+00
-1.141997660522186653e+00
-7.966896391163147406e-01
