-7.090992238495957833e-01
-6.631394737002840323e-01
-5.505417731905833945e-01
8.554635222380886361e-01
-5.108256237659907217e-01
-3.881069349822013681e+00
-1.880329840118258877e+00
-2.971342262142845136e+00
-2.312623959740626400e+00
-1.258164512931039525e+01
-4.137920687418433552e+00
-1.783570320746180160e+00
-1.695690911373985754e+00
-1.565461738368202571e+00
-2.165319083412880374e+00
-1.227904012355672592e+01
-2.098041088700809631e+00
-3.239294613297889924e+00
-2.941844398719557052e+00
-1.252090561862000184e+00
-1.905127759107543950e+00
