-7.032889663795977020e-01
-9.828965216361079671e-01
-4.232944774746077443e-01
8.360044218834438157e-01
-2.611981036293024250e+00
-1.539265498966039036e+00
-9.235819977095942324e-02
-2.567301873174751670e+00
-3.697055815321012573e-01
-1.107033708319808296e+00
-3.099025396983872582e+00
-2.686980752791324534e+00
-7.321661951614014674e-01
-7.871523375486602081e-01
-1.439813089850070282e+00
-1.589206298496627312e+00
-8.110719793203576833e-01
-1.352642509239467605e+00
-2.014538054989400528e+00
-1.350034136468953427e+00
