-6.511280197745634712e-01
-8.225280389828787397e-01
-6.213375570814438920e-01
6.762966567696239162e-01
-2.230106163343668513e+00
-5.108256237659907217e-01
-1.255899297335949960e+00
-5.601303524784950749e-01
-7.448072045535060193e-01
-7.821122945931902048e-01
-2.432747183215348219e+00
-3.466520106886787023e+00
-7.137931196316050775e-01
-6.538929564423183738e-01
-1.040701646002244685e+00
-8.889834520565786935e-01
-2.446364294006131868e+00
-9.869712995632097252e-01
-2.028957729787069564e+00
-1.395068427990686422e+00
-1.210549611823182437e+00
-8.044738601814767076e-01
