-7.469184741168847230e-01
-9.903206548273486565e-01
-4.899651020550053193e-01
5.158356365354149764e-01
-2.231927078436363399e+00
-5.108256237659907217e-01
-1.594027935463315337e+01
-3.798095440780743792e-01
-5.199022012480991606e+00
-7.745405526028915633e-01
-3.891605237819885321e+00
-5.513341677312554312e-01
-6.730293613070142955e-01
-8.998091174458615615e-01
-1.428589408112659598e+01
-3.658831544446888295e-01
-3.006499616476264070e+00
-1.307106774422272411e+00
-2.765048966737802538e-01
-2.102851597211952139e-01
-1.105632600363759543e+00
-9.416378948567787344e-01
