-6.515526964381588293e-01
-7.838772980735485563e-01
-5.144650094735937484e-01
3.531230351419143432e-01
-3.186708830577856144e+00
-5.108256237659907217e-01
-3.300498668475236652e+00
-8.418035844525422196e-01
-1.659404399899903293e+00
-1.598823334499344107e+00
-1.118510476029490341e+01
-2.340672488629655046e+00
-1.180572345832207048e+00
-5.870074613371185634e-01
-2.095082419647250838e+00
-1.615517517513454182e+00
-1.336772879150846194e+01
-1.486110984643281174e+00
-2.031236429741137162e+00
-2.421313849293024401e+00
-8.070964988767714843e-01
5.054836420412802678e-01
