-6.685252069299858491e-01
-9.650153725547929717e-01
-4.785628647518078149e-01
8.920516759716864419e-01
-6.149185400867800411e+00
-5.108256237659907217e-01
-1.880918147121015238e+01
-2.870572712811194638e-01
-1.937558886325733809e+01
-5.994744330232292251e-01
-1.490570647250867253e+01
-1.695555486451580052e+01
-6.669650367014940961e-01
-9.251993705237583354e-01
-1.151766859673938548e+00
-9.146406890380992527e-01
-1.471909743892579003e+00
-1.014422720771190445e+00
-2.051476223093198659e+00
-1.835979701170328493e+00
-1.508884259217276425e+00
-1.065627691445095726e+00
