-6.314894325209392534e-01
-6.568814420328228376e-01
-5.747582922317350240e-01
5.381671367957552299e-01
-1.475796879217728508e+00
-2.243270562150984748e+00
-8.143270433013115595e-01
-4.701643618327707164e-01
-4.571711597005845285e-01
-8.066105579569491368e-01
-2.236734605185463298e+00
-2.902962318766498573e+00
-3.695770884404056544e-01
-4.758148248091685906e-01
-3.746271416747679051e-01
-6.164737301526007629e-01
-1.831210447326612201e+00
-1.060487552683918810e+00
-6.607529270770273744e-01
-4.982490004280880624e-01
