-7.262816901191031516e-01
-7.920883655531660850e-01
-6.885673681956484549e-01
7.332338261861988116e-01
-2.686026781551986709e+00
-1.931651871023424505e+00
-1.625783689241605101e+00
-1.124932398480399609e+00
-6.147085017838228582e-01
-4.172653326451328248e-01
-3.225047637632574737e+00
-3.435158484750083119e+00
-1.315784270644315024e+00
-1.454381735178727597e+00
-3.173381800207500714e+00
-1.669366212359500556e+00
-2.057780579544298494e+00
-1.937716809761588221e+00
-1.286184158021846935e+00
-9.186987096106765671e-01
