-6.769871170922225900e-01
-7.798634654343189476e-01
-5.323688940687343329e-01
5.143987637000048130e-01
-2.726031089797638973e+00
-4.627223575327930050e-01
-1.414485893742360556e+00
-7.428366255174287947e-01
-1.205170339286604220e+00
-1.913499503450234007e+00
-3.408852380211804256e+00
-4.267961021997391136e+00
-9.559649843734068231e-01
-1.122340513968794973e+00
-2.502868222371708917e+00
-1.603566670760032897e+00
-3.140111987046623643e+00
-1.871954349056346834e+00
-1.717444187595130067e+00
-2.267506415933505659e-01
-1.208645728676744469e+00
-1.993289593108481250e-01
