-7.142351161597968456e-01
-9.308324000410040933e-01
-4.862760432015946210e-01
5.296819907079282075e-01
-2.163047299084564390e+00
-6.692001720546848498e-01
-2.211597511490367651e+00
-1.021086727971992347e-01
-1.970512550318947453e-01
-6.597746347420515356e+00
-8.727824359488051797e+00
-2.844165306906892621e+00
-3.354792713070941512e-01
-2.146262938660859210e-01
-1.730166495086567391e+00
5.702021501348792931e-01
-4.302783287916533084e+00
-1.556866630107768046e+00
-2.263938603172857444e+00
-1.051085620364793360e+00
-1.190267825179893491e+00
4.473724575814099769e-01
