-6.890561401376276152e-01
-8.677618994023814647e-01
-5.419911826709779001e-01
5.984773813429995482e-01
-2.664707442414041338e+00
-1.546769276212231592e+00
-1.792158881525824254e+00
-7.531204239816230439e-01
-6.176352302565800700e-01
-1.327971460305995777e+00
-3.301546951539040986e+00
-3.064814697962797929e+00
-8.702955864555149690e-01
-1.011148148704539729e+00
-1.594365313296537856e+00
-1.289304861650349299e+00
-2.741814583779923709e+00
-1.514942540474564225e+00
-2.142645410895542835e+00
-1.577226828923324664e+00
-1.029523798976421212e+00
-8.905989748366631709e-01
