-7.136213809249155604e-01
-7.807768215188060079e-01
-5.171503239730070867e-01
6.285889450624013719e-01
-2.457648698365902717e+00
-9.105623678667960075e-01
-3.844737472409480716e+00
-2.402041555060073497e-01
-2.205630133542552329e+00
-2.034231675079596791e+00
-1.562258872443578861e+00
-4.253134228155852625e+00
-1.730883865995866411e-01
-2.803558725821173048e-01
-4.892030919400162325e+00
-1.285855027679886575e+00
-7.939930167049296550e+00
-5.316743877478059543e-01
-1.064377643922934435e+00
-3.588024932690480617e-01
-9.230809261663333598e-02
-6.513730868893230497e-01
