-6.618874699174155385e-01
-9.768112557463545231e-01
-4.787481503954165718e-01
9.571641105218371415e-01
-5.974909408433545011e+00
-5.108256237659907217e-01
-3.758945788758316642e+00
-4.303607304960654911e-01
-1.026542641820359814e+00
-1.180350880416513037e+00
-4.026579319353761122e+00
-3.407819196045676957e+00
-7.001034259355403133e-01
-9.139634072497141437e-01
-1.805183811115988801e+00
-1.680141553880998062e+00
-3.424167049658663142e+00
-1.805523129977442798e+00
-2.089410348553265795e+00
-1.806590866826830677e+00
-1.253885155451819555e+00
-1.235048972480583318e+00
