-6.818921577846407400e-01
-8.951939909201348522e-01
-5.389796809064618666e-01
5.804221274136774911e-01
-2.058293996554659611e+00
-5.108256237659907217e-01
-1.588486454664974845e+00
-5.743906621926615497e-01
-5.494927419653550249e-01
-7.431617520707649582e-01
-3.320240396690112394e+00
-3.083461816377370379e+00
-4.971291708182721814e-01
-6.664317532954452394e-01
-1.119779638602374394e+00
-1.230619403635085263e+00
-2.469966170187932519e+00
-1.264556776676240668e+00
-1.956720533307533927e+00
-1.708010896951042357e+00
-1.035001864886403000e+00
-1.112383977350609232e+00
