-6.546055874326952573e-01
-9.009417979116359776e-01
-4.691832923184542370e-01
7.277758488154211225e-01
-1.456232209397014810e+00
-2.573375471263623648e+00
-1.344679027472690258e+01
2.305515316282558402e-01
-1.173979062501172344e+01
-1.914212463877197345e+00
1.454313931544034752e-02
5.420279691554702461e-02
2.170613708670337816e-01
-5.480732106807271325e-02
-1.504568542304058010e+00
-8.466910418503799107e-01
-2.270956800474360548e+00
-1.227217055006062818e+00
-1.479620462090146304e+00
-1.135946923414381526e+00
-5.040278264960347254e-01
-5.841696435576465563e-01
