-6.600145295705145410e-01
-7.920415262014782742e-01
-5.029756511009101372e-01
3.994732133351531211e-01
-1.970985135659980347e+00
-5.108256237659907217e-01
-3.634618527142186473e+00
-3.855669661972057072e-01
-1.084149416845306968e+00
-4.443306678499164164e+00
-1.351274245288278664e+00
-3.449084554201165886e+00
-1.041209458106861913e-01
-1.065518474712010277e-01
-3.456182594084805881e+00
-1.149420374222075436e+00
-4.002612057754054931e+00
-7.832613103296608426e-01
-1.039297076412387666e+00
5.121907465376981383e-01
-4.575603212624313465e-01
-4.583456799156182537e-01
