4.080000000000000000e+02
1.413420441120477600e-01
2.037506512044446438e+00
1.164859398034982785e-01
0.000000000000000000e+00
1.174028102242647004e-01
1.102555598664485687e-01
1.021520831483038599e-01
1.218800979839507331e-01
1.118898156854956361e-01
9.562208685775110129e-02
1.105146225969246693e-01
7.648809885467028336e-02
1.078399839638382179e-01
9.220566622323667083e-02
6.556096511202340327e-02
1.074993626650009443e-01
1.011147012047707988e-01
7.875239777538113606e-02
7.065000000000000568e+01
7.065000000000000568e+01
1.788000000000000114e+02
1.670999999999999943e+02
2.191999999999999886e+02
2.171500000000000057e+02
2.134499999999999886e+02
2.219499999999999886e+02
2.319499999999999886e+02
2.390500000000000114e+02
2.215000000000000000e+02
2.320000000000000000e+02
2.514000000000000057e+02
2.419000000000000057e+02
2.380000000000000000e+02
2.420000000000000000e+02
5.592859920753014080e+00
0.000000000000000000e+00
2.029702852173707228e+01
7.999639678707028523e+00
2.264730624800466607e+00
1.032744047792871100e+00
2.106397011776963168e+01
1.371494136531403285e+01
1.210028990509231761e+01
9.770565396179438977e+00
2.732963011253754182e+00
1.079597822384291739e+01
5.249690657848359976e+00
1.045445185024611234e+01
1.628481323375790168e+01
1.445429818541594358e+01
2.908106089597035648e-01
6.745111606295953743e-01
4.564332762863180237e-01
2.126115292746121321e-01
5.012193517053131070e-02
1.935672394497137128e-02
4.359916772154282527e-01
3.211106529884429905e-01
2.355855590469518868e-01
2.664481607630116988e-01
5.704403773532799871e-02
2.518101397309345235e-01
1.594748845224365774e-01
2.009919738341442441e-01
3.361192959370756794e-01
3.769798416341089697e-01
1.651011842321990741e+02
0.000000000000000000e+00
3.787709561608484137e+02
3.412582156784678205e+02
4.423250089631679884e+02
4.377519098007246612e+02
4.317888988626896207e+02
4.466640752504314378e+02
4.647585253820936373e+02
4.794166387345217117e+02
4.442666169567145857e+02
4.649766837308592926e+02
5.021067716888684345e+02
4.838565919043384156e+02
4.791539074293865497e+02
4.868723334951918105e+02
