-5.976126528308620678e-01
-5.977028808071678245e-01
-6.319621407459531381e-01
7.034311929348302517e-01
-2.254387349947513552e+00
-2.538636651967105085e+00
-1.174848003234798988e+00
-6.188483740681166578e-01
-1.044239737431331694e+00
-1.522480856189439402e+00
-2.907773840735471627e+00
-3.082029023149494229e+00
-6.051537233873779398e-01
-6.625789425332568872e-01
-1.286457509833686563e+00
-1.209176559791024674e+00
-3.226958280381274413e+00
-1.431244153728591373e+00
-1.503970757414838211e+00
-1.162343925412736345e+00
-1.134447775771069145e+00
-9.711435843388105393e-01
