-6.814537802524679444e-01
-6.751062624282759828e-01
-5.603116182898948416e-01
4.742819087131618927e-01
-3.042420353913334985e+00
-1.391934693086855912e+00
-7.196179528012324189e-01
9.976939353344094208e-01
-1.093769392747254487e+00
-4.547192094943476870e-01
-3.406478837702747509e+00
-2.832211962314540532e+00
-1.449991917056132396e+00
-1.140220548965757308e+00
-3.851783649811469701e+00
-1.708900446513248017e+00
-1.843933538641859382e+00
-2.371361033766330895e+00
-1.193005652622107116e+00
-1.165837072801193086e+00
