-6.743641939003046648e-01
-7.221993556108680101e-01
-6.357542973317413804e-01
7.231836176358418244e-01
-3.799929687040414450e+00
-1.803121157731902402e+00
-1.767663971265150957e+00
-3.404576456215151481e-01
-1.424509480341589418e+00
-1.627964801221964741e+00
-3.495408612408805293e+00
-2.896052224066650194e+00
-8.383669377126228284e-01
-1.112233514965262460e+00
-1.626122071967725402e+00
-1.611257281978700107e+00
-7.046422200031484673e-01
-1.369123841970515620e+00
-1.840009244874916794e+00
-2.103291059330229640e+00
