-6.791796240997554079e-01
-8.720795416191959859e-01
-5.280882228932670674e-01
4.577228897526477991e-01
-2.448163182968488449e+00
-1.102202038564585873e+00
-3.730593875984413721e+00
-5.121111863401287545e-01
-2.288413771906625982e+00
-1.779161934834803560e+00
-2.920738758645505584e+00
-1.012410970475340788e+00
-8.131173712818532406e-01
-5.745817420425599620e-01
-1.135553190224254827e+01
-3.258143443005442896e-01
-3.367878028167681670e+00
-1.494334535531281372e+00
-4.168559924914085335e-01
-3.791156975664514150e-01
-1.075344240436038934e+00
1.943167880417444870e-01
