-6.338939055253287602e-01
-7.255719288035704650e-01
-6.055252115544542679e-01
6.413626522571017619e-01
-3.155827626805939978e+00
-2.267554017404460165e+00
-2.074943005195880819e+00
-3.338133189362437192e-01
-7.327649906980566730e-01
-2.087619763532529316e+00
-4.326623814599134477e+00
-4.059788362217585878e+00
-5.011293757501826818e-01
-1.044287066657907603e+00
-6.464837861619028292e-01
-1.412762667156410190e+00
-2.414424159020613914e+00
-1.690662949525194358e+00
-1.515868154944526092e+00
-8.723006150820252769e-01
