-6.839728246289225044e-01
-8.220534860186787807e-01
-5.099370836751329072e-01
4.284940333877038099e-01
-2.664179672970255375e+00
-5.108256237659907217e-01
-2.988634296627195486e+00
-5.438657203280203856e-01
2.747472919427271579e-02
-2.860831092450377700e+00
-4.023539897117644593e+00
-2.912289811352744895e+00
-1.099099851017688367e+00
-2.382700407180075031e-01
-1.704627497212364728e+00
-1.452202685836770257e+00
-3.086781598591250120e+00
-1.452741064217200506e+00
-4.846874536996436333e+00
-7.812500778510061972e-01
-1.362520046549179353e+00
-1.651873500860761457e+00
