-6.595921261896209309e-01
-6.558246169476897869e-01
-6.905184069067054065e-01
5.318371930102102629e-01
-1.559904838881016609e+00
-1.325097498530792173e+00
-1.041733871896459940e+00
-5.242752349433352776e-01
-1.150395105680904528e+00
-2.165209153821395560e+00
-3.136957752339869732e+00
-2.251264057132095875e+00
-7.176208025894569298e-01
-2.980560250875960437e-01
-1.095456436532942446e+00
-1.162409604625926907e+00
-5.935868586690187243e-01
-1.079403676598662321e+00
-1.588631277296441491e+00
-1.192497368046370187e+00
