-6.769653554199458467e-01
-7.798792997185018949e-01
-5.322869131069191129e-01
5.143393269787619460e-01
-2.726022330328249588e+00
-4.624681665567250133e-01
-1.414276789489717245e+00
-7.430732665731164532e-01
-1.205305735406827283e+00
-1.912055985661023083e+00
-3.399544602053512499e+00
-4.303394993628222309e+00
-9.561725147360722321e-01
-1.122612520488525334e+00
-2.497408944532282238e+00
-1.603710261299767126e+00
-3.142834116477856821e+00
-1.871237317804581135e+00
-1.719893203455850283e+00
-2.265709860874046966e-01
-1.208158631200578093e+00
-1.992899223773107464e-01
