-6.105106603268317667e-01
-6.961288469792296096e-01
-6.152789408460249687e-01
5.981990705152252508e-01
-1.993489926890581909e+00
-2.067468225361531076e+00
-1.130108299173066877e+00
-5.356170947556554429e-01
-4.903098237586324126e-01
-1.045663584220222209e+00
-3.682166206210035320e+00
-2.935353997859575514e+00
-5.252178162196904365e-01
-5.509290084449101066e-01
-1.214792334537779350e+00
-1.325812013015538859e+00
-2.608574753224206066e+00
-1.635926609381219476e+00
-1.900183575269925429e+00
-8.553103272182220884e-01
-1.084009374755886768e+00
-8.384625662562260606e-01
