-6.853545633251180158e-01
-8.189054405856226460e-01
-4.604969952191592109e-01
5.939350116649078082e-01
-2.084135611060342175e+00
-5.108256237659907217e-01
-3.527805406576813851e+00
-3.681196031356607778e-01
-1.447303687702545250e-01
-3.165696446131461617e+00
-7.720972289149662160e+00
-2.741893828983035242e+00
-9.051645304953734317e-02
1.372778091536785705e-01
-1.194880831483766892e+00
6.745963853668268673e-01
-4.142184955735396024e+00
-9.176350799447580142e-01
-1.733579412357667993e+00
-1.326904506184929833e+00
-8.192385214821290562e-01
7.174766583543407128e-01
