-7.136551682073362102e-01
-7.807977162920902714e-01
-5.171217019759306588e-01
6.285414640431746802e-01
-2.457672198194312596e+00
-9.088245196696994599e-01
-3.851062490212199929e+00
-2.404845731519653640e-01
-2.200947619751913109e+00
-2.033994242913047312e+00
-1.562447728162949634e+00
-4.257177093993784744e+00
-1.736753967997185788e-01
-2.803865186914259455e-01
-4.622088871146673661e+00
-1.289044203716908976e+00
-7.253755191569511318e+00
-5.312004002843234707e-01
-1.069756129738769879e+00
-3.593630608199384624e-01
-9.174583937928565414e-02
-6.532180464731203173e-01
