-6.839258161727830299e-01
-8.190779115730055793e-01
-4.892579683735080454e-01
7.216259242368794347e-01
-2.063516240684341696e+00
-1.739801177976205038e+00
-1.289693280170439493e+00
-8.329949192439879413e-01
-6.223652941648915027e-01
-1.317548297615182884e+00
-3.594692345176278891e+00
-3.620088965363114308e+00
-9.637227868381894602e-01
-6.747572715343587157e-01
-1.450443400406668415e+00
-1.271304804981718606e+00
-3.131388278369658273e+00
-1.174563069792754044e+00
-1.863531956681793389e+00
-1.895299321996566588e+00
-1.075400828622952609e+00
-1.215255137995861601e+00
