-6.031489667650317132e-01
-7.982150833741310514e-01
-5.838705233504020153e-01
5.047603160281375345e-01
-2.130296953810678851e+00
-1.283666133404401943e+00
-1.276110505392400007e+00
-1.027395666841839805e+00
-1.247069659055774160e+00
-3.487448789596666043e-01
-3.038691815341419744e+00
-3.078316557075481352e+00
-1.313201495901729521e+00
-1.357297894711953834e+00
-2.459678632408724752e+00
-1.438167920693933066e+00
-1.242325790573616473e+00
-1.866672738216797134e+00
-1.018939490304258344e+00
-9.956005534026752812e-01
