-6.557295481512434021e-01
-9.245779644392227992e-01
-4.104379983004508015e-01
7.130809895417140609e-01
-2.569844159547956419e+00
-1.604959052087920446e+00
-6.997975797377260498e-01
-1.219263422506433381e+00
-3.111367957751429714e-01
-1.426037337258188931e+00
-4.326991393177534562e+00
-4.430205627430201076e+00
-6.327367155885438299e-01
-1.241176757628545291e+00
-8.531004171394508395e-01
-1.311948419037731517e+00
-3.194593650505472837e+00
-1.354049534610018091e+00
-1.241668874604696438e+00
-5.601385173991726418e-01
