-6.177063186532505412e-01
-4.712047641467880799e-01
-1.384683171120541845e+00
9.245632796794158725e-01
-3.374984037335499121e+00
-5.108256237659907217e-01
-4.081081623549231097e+00
-4.134832258716276243e+00
-4.133360663119104217e+00
-4.175728065663565580e+00
-4.327983191949702935e+00
-4.367845192625438244e+00
-3.628749213529228967e+00
-2.582715258854934248e+00
-4.102139476496230230e+00
-4.115463376655904781e+00
-4.462571031808933775e+00
-4.192098264488765658e+00
-4.271143305923891020e+00
-4.290503770681469931e+00
-4.166942156598815394e+00
-3.959484145295034008e+00
