-6.998594927190927573e-01
-7.975890124025567518e-01
-5.134671197760556360e-01
6.231389615462084031e-01
-3.302649312400239623e+00
-5.108256237659907217e-01
-1.884198677158269497e+00
-4.589134750164822196e-01
-1.048646549142701945e+00
-1.132226689971150613e+00
-3.054847678803633393e+00
-4.706979521919042675e+00
-7.131372021830415520e-01
-1.129030950998691107e+00
-1.947655206481399892e+00
-1.567575751418176955e+00
-4.097146419803245010e+00
-2.033921077771743136e+00
-2.372001127103990914e+00
-1.872275958828945264e+00
-1.628589350557113180e+00
-1.189846814777336670e+00
