-6.821864526772356552e-01
-7.795662351694793157e-01
-4.905280652195491142e-01
7.165545001752525733e-01
-2.112295519153855494e+00
-5.108256237659907217e-01
-1.562642422729062064e+00
-5.370057565682635481e-01
-9.862492877793249679e-02
-1.159604514275949017e+00
-3.006588558088692409e+00
-2.819171918134320887e+00
-5.343186524036707130e-01
-2.016945495781971576e-01
-1.426508358731090498e+00
-7.309867715604491112e-01
-2.680313652653442347e+00
-1.012567120812130961e+00
-1.595649456327901339e+00
-1.430943569950220207e+00
-9.250452357595346786e-01
-6.202280339136407861e-01
