-6.745613175812427142e-01
-7.511443541506244159e-01
-5.861769249300757822e-01
5.835598446403273964e-01
-2.707882775052304236e+00
-1.319279569760611226e+00
-1.936536807036859154e+00
-7.653459044868022865e-01
-1.130461360951209526e+00
-1.187134258091083971e+00
-2.960135754850627965e+00
-3.672946062991580440e+00
-1.648682077396776080e+00
1.071880546249285027e-01
-1.189935815436699462e+00
-1.348850522015133890e+00
-2.944371027727742618e+00
-1.591502619330071866e+00
-1.539222867017801422e+00
-8.164685003623601833e-01
