-5.637210433382390251e-01
-8.530076910631066989e-01
-5.383542873175626298e-01
4.583628811943599168e-01
-1.772043469056549858e+00
-7.537038999482483792e-01
-9.286252884408384034e+00
-7.048509893447668651e-01
-1.155715042473874465e+00
-7.662097006641358510e-01
-5.630220612411088510e+00
-2.559865574037519576e+00
-7.662097006641493957e-01
-4.605170185988090914e+00
-1.287545201403265338e+00
-2.119312223893559111e-01
-4.512071651544430573e+00
-1.052576819476863434e+00
-1.540815278954257739e+00
-1.696042726289915592e+00
-8.372414055504388830e-02
-8.596927569714766237e-01
