-6.802756838956246499e-01
-7.978478237161337194e-01
-5.162924459668062349e-01
4.195180410865205767e-01
-2.646891908225172507e+00
-1.408927638636512603e+00
-2.398618540933604049e+00
-6.641121580899577159e-01
2.770539057371508920e-02
-2.920973477664666529e+00
-4.090739489358475645e+00
-2.968681003524971995e+00
-1.055625730154480912e+00
-2.564676979070478202e-01
-1.819855318099868002e+00
-1.545429562266815271e+00
-3.230091988098724443e+00
-1.543967336417561897e+00
-6.090675962218774941e+00
-8.239965225854852804e-01
-1.505293668543132624e+00
-1.693898659019427155e+00
