-6.997835467382107488e-01
-7.975375694691111406e-01
-5.135149223234055649e-01
6.229970114854378460e-01
-3.302708270049382389e+00
-5.108256237659907217e-01
-1.884670938877068158e+00
-4.587323204432043888e-01
-1.048048030755317050e+00
-1.133025220810284006e+00
-3.056235619226046474e+00
-4.721393879210190825e+00
-7.134298314608629177e-01
-1.128734585398699863e+00
-1.946938994342605422e+00
-1.567533353392319473e+00
-4.094499690891014509e+00
-2.033548406595422353e+00
-2.371420687489196766e+00
-1.872146375322579992e+00
-1.628931613360874442e+00
-1.189837460139784531e+00
