-6.780268096880837092e-01
-8.066053969909916521e-01
-4.839874253412737026e-01
6.105057759857211996e-01
-1.896851294893647344e+00
-1.232791089900854509e+00
-1.319192580351381672e+01
-4.537245917493661351e-01
-3.614258668244412664e+00
-2.859878701482823082e+00
-5.624204597029789365e-01
-7.034667903062666872e-01
-3.204502363158756584e-01
-2.559156002092170534e-01
-1.656959391105311985e+00
-1.277094926831963573e+00
-1.201435920572032678e+01
-1.115687587873658959e+00
-1.851781149305138374e+00
-2.020924536313085440e+00
-1.023983790174510133e+00
1.488880623723498331e-01
