-6.920796660478784057e-01
-8.760864209732783792e-01
-5.157253554945718799e-01
5.433608108247880430e-01
-2.727676192344892225e+00
-6.202339592772008192e-01
-2.504819302741966958e+00
-3.003914199574297395e-01
-1.205670878986269567e+00
-2.572203006191701391e+00
-3.230146224388864340e+00
-3.663495194012469813e+00
-6.496353908082144191e-01
-6.543277564077912833e-01
-2.762897027493060431e+00
-1.527418471832691749e+00
-6.618615287839016981e-01
-1.632555573220723533e+00
-4.292467678841584977e-01
-1.326186086214831805e+00
-1.380601779349708957e+00
-1.415010881061034231e+00
