1.750000000000000000e+02
1.471790561891033466e-01
1.844730964749251356e+00
1.346667607939712463e-01
0.000000000000000000e+00
1.089583963330646027e-01
1.155454238629161495e-01
1.669263350093821707e-01
6.848137487113814537e-02
1.086075756168750212e-01
9.561944190758159268e-02
1.931351950139722218e-01
1.367379489244537061e-01
1.178045863672527171e-01
9.445324657651420208e-02
8.493246267475312861e-02
1.096557047755430808e-01
9.471958670787621049e-02
1.354416728942162418e-01
2.239999999999999858e+01
2.239999999999999858e+01
6.440000000000000568e+01
6.395000000000000284e+01
8.354999999999999716e+01
8.404999999999999716e+01
9.254999999999999716e+01
9.354999999999999716e+01
8.125000000000000000e+01
8.454999999999999716e+01
8.500000000000000000e+01
8.954999999999999716e+01
8.170000000000000284e+01
8.270000000000000284e+01
9.195000000000000284e+01
8.695000000000000284e+01
1.442703083051986912e+00
0.000000000000000000e+00
5.151716374545014077e+00
5.199612499663936127e+00
1.500099007181057598e+00
1.883721916137960639e-02
9.682768620528214853e+00
5.578930474932127126e+00
4.336861884938301159e+00
4.545421709913203046e+00
3.356846194582632226e-01
2.056610963314550844e+00
1.226517708190163258e+00
2.670601164687871787e+00
3.186049296908122663e+00
6.858677711047994840e+00
2.065338905724508622e-01
5.865410220729149193e-01
3.461091062891476500e-01
3.308375861032163412e-01
5.304921007152919865e-02
1.611103480826842549e-03
4.650378534026070598e-01
3.062764660503070613e-01
1.375663678084705077e-01
1.937536521939698109e-01
1.656355525342072602e-02
1.199903153748095308e-01
8.774865992808339454e-02
1.462533168607436929e-01
1.823946660709041545e-01
2.891692685370963467e-01
5.187107156133389196e+01
0.000000000000000000e+00
1.366086553585162164e+02
1.360201926528159220e+02
1.694010679697402963e+02
1.707343414472503866e+02
1.917128085288230182e+02
1.904983056556012571e+02
1.632307207896985801e+02
1.715675790807150634e+02
1.720345530546938733e+02
1.814634074245748252e+02
1.645733892397937268e+02
1.665221767849908474e+02
1.844168344941379303e+02
1.751200812873321979e+02
