-7.211024325139856472e-01
-7.021043685477997842e-01
-6.092107010307054038e-01
5.466546181799291082e-01
-3.636553295423816667e+00
-5.108256237659907217e-01
-2.252876070294175914e+00
-1.559564240747463582e-01
-1.117575989643635470e+00
-6.227187894342213204e-01
-2.752534539899180732e+00
-2.465391462913718801e+00
-1.226401724770769697e+00
1.304066549051751567e+00
-1.467812513507347427e+00
-1.656484461372177197e+00
-2.461720479586965826e+00
-1.513257237115538389e+00
-1.521170878480745392e+00
-1.888757080252729370e+00
-1.340868741127838826e+00
-1.363443452674467427e+00
