-7.216871083791558394e-01
-6.912229795037554414e-01
-5.775540832268531988e-01
7.800159147608051180e-01
-2.746938751029128767e+00
-2.605414411042120459e+00
-2.457631276610743321e+00
-1.457031749674498000e+00
-1.042416259203938766e+00
-1.017153122183584557e+00
-3.036285576691001076e+00
-3.934222686523121570e+00
-1.358693844517193661e+00
-1.129561889900133842e+00
-3.842072178594289955e+00
-1.992352474714704780e+00
-2.178221128142480367e+00
-1.977654207476321480e+00
-2.191329107119945441e+00
-1.135630037422322935e+00
