-6.531300173631444661e-01
-7.801020014970418970e-01
-5.119434547556088733e-01
3.446740213115909168e-01
-3.253712615992415902e+00
-1.410791533747475457e+00
-2.593152042131577684e+00
-9.449625547675338799e-01
-1.523180648056287501e+00
-1.622352296483472456e+00
-8.770618945781947673e+00
-2.333865630832702376e+00
-1.333877091847528895e+00
-6.190647934574287081e-01
-2.061808184689037482e+00
-1.714294383417401368e+00
-1.239873769300393924e+01
-1.698063232071774564e+00
-2.067263120176891622e+00
-2.551004109614441351e+00
-8.338874445992582318e-01
7.170117897898644621e-01
