-6.806014477174688881e-01
-8.874501090957295224e-01
-5.447811853237439772e-01
5.886160802938827930e-01
-2.040474008750332580e+00
-1.372187590644507127e+00
-1.132992046414014187e+00
-7.764220846852368796e-01
-5.255487165032514119e-01
-7.340419572947161075e-01
-3.444659837794091128e+00
-3.129185818926000895e+00
-5.770119809560984026e-01
-7.128019103578810967e-01
-1.184507942992695240e+00
-1.318752408515440511e+00
-2.530873580510102805e+00
-1.363322362869825888e+00
-2.048502016302336859e+00
-1.819400910287572781e+00
-1.128412695015140299e+00
-1.189049594774099550e+00
