-7.364224589837989887e-01
-7.578104370628206965e-01
-3.786075925376166662e-01
7.328313462254658628e-01
-2.478193190108941124e+00
-5.108256237659907217e-01
-1.691418877868071657e+00
-9.771827201892894221e-01
-7.127868849576645127e-01
-1.474191234778572834e+00
-4.576928280466844967e+00
-2.606063137172582422e+00
-3.813585853125224800e-01
-6.257533114603699431e-01
-1.413114097644578626e+00
-1.141524914440991800e+00
-2.385551284589117582e+00
-1.016866667859359197e+00
-1.715874679614624698e+00
-1.736671980291750961e+00
-1.012109355316270776e+00
-7.045287602715929465e-01
