-6.202159161928354481e-01
-1.056959777509762111e+00
-3.899960464747498357e-01
8.148583089860129691e-01
-2.194097729810267516e+00
-1.445037586420612419e+00
-8.454292609214707488e-01
-7.529089369737823612e-01
-4.755847935718163777e-01
-1.857642962000766174e+00
-2.672243873569539740e+00
-1.971820396831140298e+00
-2.933210772618827233e-01
-1.052855481157989104e+00
-1.711835662687232418e+00
-9.148379771377888048e-01
-9.329286238676934850e-01
-6.741762046118250362e-01
-1.954724291214055443e+00
-1.376158595226570691e+00
