-6.126187964901649297e-01
-6.841847207301058331e-01
-6.151302722809462997e-01
6.157129123414828431e-01
-2.434565568836180471e+00
-1.282804779672136908e+00
-2.520666707109672444e+00
-1.849971912905844784e-01
-6.186798149563960125e-01
-4.559767883670183153e+00
-3.742094723874624052e+00
-2.722203363005927468e+00
-4.452296714279792011e-01
-4.433982551305186703e-01
-1.563325542251108313e+00
1.745339250940506903e-01
-3.002628829195042925e+00
-1.440940703049136795e+00
-1.910629603897009199e+00
-1.631774258063663163e+00
-1.120879931850113254e+00
-1.048189193467610636e+00
