-7.136311798821735053e-01
-9.616765529804846002e-01
-3.560505953542872359e-01
5.620808415625179189e-01
-2.734874439836521898e+00
-8.215307527654966968e-01
-2.792494574201082003e+01
-3.750695503409391951e-01
-2.066750561500073147e+01
-1.726222468713138891e+00
-7.623459082427853639e-01
-7.739661757694550337e-01
-1.822909409076629017e-01
-7.474514079245624110e-02
-1.197144644543462988e+01
-1.390368284057881931e+00
-1.393237083225700346e+01
-1.262105073997978000e+00
-1.591443949922408674e+00
1.378582686764319165e-01
-1.473360532789080191e+00
1.322065598498676220e-01
