-7.272878058246327049e-01
-8.447168548433913182e-01
-5.585419234402227984e-01
5.836476641626374695e-01
-1.775442274754149397e+00
-5.823835175670081243e-01
-1.466511094971167273e+00
-9.439338334197719949e-01
-6.204216938709702367e-01
-3.839897361739335047e+00
-2.756888996182250473e+00
-3.191511625666433982e+00
-1.974428375584892092e-01
-5.504651010714755044e-01
-3.651180814383260476e+00
-1.164460764922083502e+00
-1.990930388794817318e+00
3.129595853566651820e-01
1.133890354843870435e-01
-1.383472564646662573e+00
-6.817798938221312222e-01
-7.390486886798545152e-01
