-6.202518788221819124e-01
-1.056733156630974335e+00
-3.901036129974914668e-01
8.146727386945628036e-01
-2.194016198618015334e+00
-1.444368613402899237e+00
-8.463798610918950027e-01
-7.525136928832599770e-01
-4.747049031468651981e-01
-1.856203888773285682e+00
-2.673494637118550177e+00
-1.971318322702354520e+00
-2.931782097943729237e-01
-1.052982375991399433e+00
-1.712023912203497478e+00
-9.151262669589007581e-01
-9.328488343788100545e-01
-6.741267613243986379e-01
-1.955027595767333981e+00
-1.376691471400664835e+00
