-7.022530583070604182e-01
-7.402766240086378069e-01
-5.964884279845438231e-01
7.678317490442709836e-01
-5.108256237659907217e-01
-1.529378334919662485e+01
-1.547789954328428141e+00
-1.438350062562096277e+01
-1.880696386997830372e+00
-3.837167306378316489e+00
-1.927606937448666402e+00
-1.860451057866982172e+00
-2.042461868097350308e+00
-1.486510047331307760e+01
-1.612256556572065014e+00
-3.604892816042027714e+00
-2.517183745676094819e+00
-1.598823713359869947e+00
-1.480734409127116402e+00
-2.378060968927143470e+00
-2.407286309410097136e+00
