-6.816024829838324139e-01
-8.002874418779615251e-01
-6.255826136826425632e-01
4.597395708338531395e-01
-3.389836438072825864e+00
-1.503411180526978974e+00
-1.357021501031846356e+01
-1.156732233733917814e-01
-4.807851651236132895e+00
-7.636506531340891080e+00
-1.169191529731543255e+01
-1.316562558709801989e+00
-6.921273186789745901e-01
-4.166081241969334381e-01
-5.931452906595922947e+00
-3.401076808625922987e-01
-3.036131951340970136e+00
-1.542250933570327165e+00
-8.095295717575482497e-01
-8.235098250957395560e-01
-1.659386981790715643e+00
-9.076336232783688285e-01
