-6.665588273782006024e-01
-8.102822886372217370e-01
-4.918101589517269168e-01
2.269252407732256227e-01
-2.258586306557813561e+00
-3.524531565840780534e-01
-2.257374589544199850e+01
-7.122964772790100207e-01
-2.644104555790254274e+00
-3.247660789051463048e+00
-4.103676124077321741e-01
-3.484108556058499451e-01
-7.484542047955529132e-01
-3.202570679849158775e-01
-1.668084502054624352e+01
-1.619456418058775382e+00
-1.171355337337325331e+01
-1.741261889410513186e+00
2.362880318634674459e-01
-7.248051526483226814e-01
3.481720133223514813e-01
-1.880624984599460925e+00
