-6.675733282768954169e-01
-9.647248873155540583e-01
-4.785676037959190610e-01
8.924154986642600651e-01
-6.144165195094874576e+00
-2.625783879145632493e+00
-4.656288345852499333e+01
-2.894877179573359660e-01
-4.304966390710133339e+01
-5.564975175288762177e-01
-1.478294254329656532e+01
-2.165756850387760224e+01
-6.910250420695871476e-01
-9.741841160576056868e-01
-1.138294150955429185e+00
-9.181390587100970446e-01
-1.438159646025398697e+00
-1.013921465961024726e+00
-2.082541217373242937e+00
-1.855952612614883535e+00
-1.553429485783868635e+00
-1.082486095225944966e+00
