-7.699414427666545491e-01
-1.038451658950902745e+00
-4.289639689919262366e-01
5.924922567278912977e-01
-3.119266645581951547e+00
-2.002734188454095676e+00
-1.154820699319040855e+00
-1.317735860113145474e+00
-6.754584465529768211e-01
-2.218543906746302419e+00
-1.309999492453719405e+01
-2.094379281497982692e+00
-6.952690217966032149e-01
-6.304659543646877751e-01
-9.711683871341181273e-01
-1.324244478597471408e+00
-2.227434742410350221e+00
-1.868628552827297895e+00
-1.293137388537464627e+00
-7.047364013246023573e-01
