-6.339031462124434801e-01
-7.255752772546407714e-01
-6.055666973440513301e-01
6.413932357201191925e-01
-3.155653134393284542e+00
-2.268783618827558524e+00
-2.076371493308383442e+00
-3.339491622446945085e-01
-7.325906220496333221e-01
-2.085780064428645719e+00
-4.290026666721450610e+00
-4.054507984896797090e+00
-5.010818663357419211e-01
-1.044186970138454962e+00
-6.469215091594088252e-01
-1.414618072753621947e+00
-2.413503772998668584e+00
-1.691217880841488830e+00
-1.516529418665105489e+00
-8.724240430411728253e-01
