-6.058295001302917981e-01
-6.954544514259748400e-01
-6.153665392781968446e-01
6.050645304880946096e-01
-2.038828844918262551e+00
-1.246903698296734975e+00
-2.808014926630705066e+00
-2.867154108147814684e-01
-2.224741516108247052e-01
-2.754291198878931368e+00
-4.560300661022870905e+00
-2.704014042638572590e+00
4.583720689699365830e-02
-4.642189037046831612e-02
-2.797691594006352478e+00
-1.377394507955228109e+00
-2.634240155349687917e+00
-1.723319002751762641e+00
-9.722773197825292923e-01
6.498152652913463667e-01
-1.119977406114546881e+00
-8.915394991818766934e-01
