-7.411715671925191984e-01
-9.528857410106692516e-01
-5.235496307692941720e-01
7.201332255478338773e-01
-2.428791041927373051e+00
-1.470195573013850066e+00
-1.109872983671508884e+00
-1.378301577084453111e+00
-3.764978560509557592e-01
-2.035561387925831411e+00
-3.403349157123310764e+00
-2.342567530535911935e+00
-6.599677535503072345e-01
-9.369516240208393132e-01
-1.378924344964678639e+00
-1.438707417828238411e+00
-3.010401453183774834e+00
-1.301725419739387934e+00
-1.945554524866260238e+00
-1.567524884113912442e+00
-1.190617919418450743e+00
-9.590854059082222216e-01
