-6.970286030271659605e-01
-8.304690143280933912e-01
-5.439672218658183622e-01
5.410912997589224505e-01
-2.881701895798537638e+00
-7.408545495504569312e-01
-2.014383081102464779e+00
-3.851806432469372377e-01
-1.088505425990923259e+00
-3.544429755078144062e+00
-7.997770275463956580e+00
-2.957525214367962008e+00
-4.032472286508947956e-01
-5.926576346186852584e-01
-1.584111521869294492e+00
-1.627963611481274275e-01
-4.843779738913375432e+00
-1.713596049152230405e+00
-2.324596915092346450e+00
-2.344165709784891138e+00
-1.416348555500121842e+00
-9.551038663912603255e-02
