-7.094690194355346424e-01
-7.818996109993527899e-01
-5.276063433806801317e-01
7.790466657415657803e-01
-2.697620931141338385e+00
-1.100708973179831629e+00
-1.185357228047052569e+00
-5.286509122995866061e-01
-1.101854717408035977e+00
-9.240480922414094911e-01
-2.526407343165238295e+00
-4.504285729865190824e+00
-6.969018862054541241e-01
-9.053628763192488327e-01
-1.349949720008627008e+00
-1.579022830628727725e+00
-2.937357449074351479e+00
-1.201846222925198493e+00
-1.979068381309954550e+00
-2.058980741895678701e+00
-4.754184498137707937e-01
-1.226802806485072894e+00
