-7.033174020935146764e-01
-7.108372687762791742e-01
-6.311436474609555258e-01
7.964792683501835668e-01
-5.108256237659907217e-01
-4.257952720519717182e+00
-1.633553213135018778e+00
-2.084431050817232567e+00
-3.677831161955159800e+00
-5.865589463184631036e+00
-4.117753707871755431e+00
-1.612879632689282916e+00
-1.913938467381780972e+00
-3.820738019494923421e+00
-2.340551814742168446e+00
-3.614416179342431867e+00
-2.422901144810913454e+00
-2.082184404330506222e+00
-1.125362560403039724e+00
-2.365840168826369272e+00
-2.352194925256182234e+00
