-6.267958073372535965e-01
-7.206085630417997656e-01
-5.485388156467031484e-01
7.457278663718933664e-01
-2.344150981405612288e+00
-1.614779335496862700e+00
-1.291964680434951163e+00
-5.999863814948995788e-01
-3.760548005368006264e-01
-4.106762352544237604e-01
-2.848120354366912910e+00
-3.020273023871593576e+00
-1.264403326244059267e+00
-1.153005007866839238e+00
-4.214144098662139015e+00
-1.308451731195482637e+00
-1.498502719564010155e+00
-1.459241998266189277e+00
-9.847263943667484698e-01
-6.808771384009083549e-01
