-5.972594635864437729e-01
-6.076499695357209241e-01
-6.159232878908919018e-01
6.408762393588802730e-01
-2.270418061139723331e+00
-5.108256237659907217e-01
-3.571637471246677187e+00
-3.995589153313021669e-01
-6.379109493230464834e-01
-9.991063981552459339e+00
-3.258827203149095908e+00
-2.709818041834367808e+00
-3.998695675411881312e-02
-2.146984086066636710e-01
-8.811321590942380766e+00
-1.140757072316704868e+00
-3.430330471471615628e+00
-1.389229917214509058e+00
-6.225720565721338806e-01
4.606005931477108462e-01
-1.110491081312786177e+00
-9.401197394519950068e-01
