-6.922431523838767919e-01
-7.987928440198377444e-01
-4.803973070478523288e-01
8.341790256159365979e-01
-2.835384849648531880e+00
-1.256553052895758249e+00
-1.692089837084652437e+00
-1.058244242461230611e+00
-7.407717979203168879e-01
-2.869186867548498832e-01
-3.201296735205518829e+00
-3.386175209998632418e+00
-1.613605475094390451e+00
-1.509911885237878781e+00
-2.509449170374730365e+00
-1.388419087648905981e+00
-2.245620783818243815e+00
-2.163821019095408360e+00
-1.324445000248241966e+00
-1.067609563767624170e+00
