-6.688541830929343179e-01
-8.158051572941074081e-01
-5.782519656608574588e-01
4.523204284851254364e-01
-2.029612144703096810e+00
-1.378075801815247248e+00
-1.097433408439956182e+00
-7.541652868461333481e-02
-5.472642715985563955e-01
-2.110985908491918472e+00
-2.856479513331073417e+00
-3.156203465914575457e+00
-6.792575434865982809e-01
-3.351783160891817492e-01
-1.251494486750611479e+00
-1.104567788479644097e+00
-2.928832128344227126e+00
-1.151501671272532334e+00
-1.836362006528281743e+00
-1.949637656073008651e+00
-9.762114364921079535e-01
-1.149073164015404158e+00
