-7.036279095447245391e-01
-7.963803296318366920e-01
-6.206281720429098758e-01
7.579223044100361628e-01
-5.108256237659907217e-01
-4.840170875908193615e+00
-2.603997321650681762e+00
-3.086231500233413083e+00
-3.556957324796095943e+00
-4.931506673830752696e+00
-2.948738728404647347e+00
-1.974708157703045863e+00
-2.509201710864855439e+00
-3.320346875541514642e+00
-2.180495280147249915e+00
-4.334802125823030927e+00
-2.865234331071331741e+00
-1.304368281032126875e+00
-3.821684198776298835e+00
-2.836707338002701029e+00
-2.491780718555177909e+00
