-6.676294776555018462e-01
-6.675354076726395247e-01
-7.016309782620940849e-01
8.414599793141448458e-01
-2.329046464849876319e+00
-1.753754367351597621e+00
-1.249435863482992515e+00
-6.284114235950312155e-01
-7.016645009311057724e-01
-1.286011819961738301e+00
-3.001229525328903858e+00
-3.059679920523693308e+00
-6.161349278558619913e-01
-6.617654315969347945e-01
-1.273401192889681788e+00
-1.227206931784877941e+00
-2.674794854126141708e+00
-1.502034039941344101e+00
-1.436080637109484304e+00
-1.851325291109841675e+00
-9.496130372644498996e-01
-8.908903281206745906e-01
