-6.675839240550235365e-01
-6.675007249021619460e-01
-7.016184228829329683e-01
8.414219104499057744e-01
-2.329016810689263473e+00
-1.753986971032396758e+00
-1.249783453224731167e+00
-6.282762545771531926e-01
-7.017334028995422246e-01
-1.286109784801049649e+00
-3.001514716426604057e+00
-3.060111273825706579e+00
-6.161135227317616758e-01
-6.617662539622006790e-01
-1.273319785068136145e+00
-1.227138571051989313e+00
-2.674649598747992130e+00
-1.501960677080141471e+00
-1.436004420196746123e+00
-1.851292165459807793e+00
-9.496164301235463512e-01
-8.907896927251613972e-01
