-6.981642586472309731e-01
-8.264652139261293717e-01
-5.380991786294079260e-01
5.774918836348792439e-01
-2.894193695882647965e+00
-1.444472209056056444e+00
-1.984027716283928378e+00
-2.571564393495676115e-01
-1.231158893648849784e+00
-2.289785952550105641e+00
-3.429731926300794154e+00
-3.040849703709297636e+00
-9.450138771589715603e-01
3.974939410007271023e-01
-7.952587532154811178e-01
-1.186901652607720958e+00
-2.732668162222725794e+00
-1.604113360733423477e+00
-1.180956399430019177e+00
-1.107897866340748605e+00
