-6.722466147460303132e-01
-7.565804914329662401e-01
-5.382507323057058590e-01
6.837070610275306493e-01
-2.473105409417267975e+00
-5.108256237659907217e-01
-1.054984670251420509e+00
-1.698759618875481658e-01
-3.984515256869742283e-01
-1.009893702815204408e+00
-3.548324923995044067e+00
-3.545315461276284275e+00
-4.396346200113244174e-01
-6.543304831698026902e-01
-1.365470743368189854e+00
-9.835134962419133098e-01
-2.046452420504479619e+00
-1.376879580063699482e+00
-1.844936062647054564e+00
-1.864814990791461513e+00
-9.561604441650880526e-01
-9.337046035962776047e-01
