-6.756471114266785483e-01
-9.949740649644790436e-01
-3.587850675971538950e-01
8.048927910220263771e-01
-3.316634800186457177e+00
-1.695727008503406630e+00
-4.097865745751834154e-01
-7.412506787047586920e-01
-9.445548093075354368e-01
-1.159399379408245778e+00
-1.279923123631733972e+01
-1.450506557710731848e+01
-5.297147390735917893e-01
-9.449940862375436068e-02
-1.619357628486898459e+00
-1.613779254857943712e+00
-2.363796048288274054e+00
-1.376146043456710322e+00
-2.139344101481864158e+00
-2.135586451351037862e+00
-1.317775542303842196e+00
-1.384967871133966133e+00
