-6.750319843866473546e-01
-8.768078754655401763e-01
-5.392558406778954483e-01
4.916451184315153156e-01
-1.881219839037928221e+00
-1.031760805000175196e+00
-1.532657769231312557e+02
-3.226346973503302351e-01
-5.578220149262733685e+01
-3.777454743501167389e-01
-6.448395796188240991e-01
-4.873682123155688717e-01
-6.682280062825901590e-01
-7.582442234086730348e-01
-1.282475904141718459e+01
-1.054561881533721435e+00
-2.406029224652780130e+00
-1.480025756411555538e+00
-1.051131880056221490e+00
2.641603276795400079e-01
-1.197352684209296969e+00
-1.244215871440456533e+00
