-7.101319684785858399e-01
-7.932175158472989374e-01
-5.346849183012392093e-01
5.035868688839946206e-01
-2.281323369380987565e+00
-5.108256237659907217e-01
-1.942304952979126087e+00
2.150402052862172564e-01
-1.061951556072926461e+00
-1.515304559049033051e+00
-3.074515815554163645e+00
-3.291548617948955702e+00
-7.896992536233983229e-01
-2.835420823181761807e-01
-1.427911623877496927e+00
-1.096075157575545411e+00
-3.043182801938888904e+00
-1.004458877691609686e+00
-1.915901691457882361e+00
-1.546063026797336981e+00
-8.612138306860676051e-01
-9.226745854916482692e-01
