-6.494997987564127273e-01
-7.708427421958475856e-01
-6.147090661767866671e-01
6.353896298611350080e-01
-2.959622135474205162e+00
-1.547264513831109412e+00
-2.519132580891350948e+00
-7.773604781479788173e-01
-1.495893805404904242e+00
-1.635646361511015279e+00
-3.213277063243888065e+00
-3.382319235635046439e+00
-8.198947274146788367e-01
-5.720495155501087448e-01
-1.669556676418067820e+00
-1.412637696345365068e+00
-1.417094192037987366e+00
-1.653630188644870769e+00
-2.192908989554645416e+00
-1.436341579844669480e+00
