-6.759121563361277785e-01
-6.604779524403354696e-01
-5.102915519526418642e-01
7.128477940486607212e-01
-2.778144149013887620e+00
-1.060045534765363673e+00
-1.629656137104965818e+00
-4.840203368682700624e-01
-4.177020105777378145e-01
-1.905223670686912563e+00
-4.535398579379014805e+00
-4.143193948253824921e+00
-2.989386680512173267e-01
-1.191808830162827348e+00
-1.214614058604826630e+00
-1.643117223634727342e+00
-2.832342894323069959e+00
-1.453588150102839371e+00
-1.468917590570832932e+00
-1.470302929111091172e+00
