-7.374017131295479421e-01
-8.565137582428957730e-01
-4.527845829807913836e-01
8.171870732072124000e-01
-3.109381319246055320e+00
-1.381237173117593420e+00
-9.766777866405501607e-01
-1.544447390692728961e+00
-7.151468218619487782e-01
-3.824152479649992054e-01
-3.482011932838696477e+00
-2.986963395085214579e+00
-5.150992077560240245e-01
-8.388789326908506760e-01
-1.594784944863653076e+00
-1.627859553557698291e+00
-2.780641426164440322e+00
-1.661707088474914773e+00
-2.319648174755848835e+00
-2.291706455780764706e+00
-1.264981422174619397e+00
-1.340238188102872430e+00
