-6.723764609389035751e-01
-8.552335473708467806e-01
-5.082810507235726583e-01
6.720262234845026939e-01
-2.189362461635996127e+00
-1.374650969006611989e+00
-1.478261060133033933e+00
-9.524960661077561674e-01
-8.731184084071125229e-01
-5.915584084300923307e-01
-2.373494036432373111e+00
-3.176009014974513267e+00
-1.114317433058469753e+00
-1.216003060678267911e+00
-2.818477506147780254e+00
-1.332167743736650145e+00
-1.901603001399889692e+00
-1.273576738231249506e+00
-1.325929405332465727e+00
-8.465191177644134646e-01
