-5.976644672085040799e-01
-5.977693308570255493e-01
-6.318380957122136099e-01
7.033821336009390413e-01
-2.254348400012776921e+00
-2.540483390568263111e+00
-1.174666773944643472e+00
-6.188731892649440569e-01
-1.044619779222035305e+00
-1.521819960843662001e+00
-2.909095827108110210e+00
-3.082473522143702738e+00
-6.050866431586560124e-01
-6.625735819095543988e-01
-1.286674517343409985e+00
-1.208792357947516161e+00
-3.231820377650466813e+00
-1.431199157703304525e+00
-1.504024728598183369e+00
-1.162138403830419664e+00
-1.134170277584348741e+00
-9.709598639979274415e-01
