-6.825205806116290130e-01
-8.296708902697662591e-01
-4.793049601854668662e-01
5.344235153518731574e-01
-3.069808019495311235e+00
-5.108256237659907217e-01
-1.641586901174169455e+01
-3.865561408648456321e-01
-8.213239798992894025e-01
-1.576631781046391012e+01
-3.748679226580289736e+00
-3.545899109161395835e+00
-2.139137145608096258e-01
-3.480279907763223490e-01
-1.278247703533558699e+01
-1.527612272926262671e+00
-1.348203818428405398e+01
-1.949484898106451425e+00
-1.203368455467695997e-02
-1.206416105842138542e+00
-1.584954302601539800e+00
1.625619284026071643e-01
