3.140000000000000000e+02
2.519487449901499643e-01
1.571779635924664520e+00
1.809804615981087106e-01
0.000000000000000000e+00
1.604990136549959145e-01
2.028182020280486497e-01
1.964663090743821172e-01
1.174842387390542947e-01
1.863052643965102673e-01
1.625296842860133317e-01
1.928013782517331576e-01
1.267670200495250032e-01
2.202452749551982725e-01
1.466596154230990212e-01
1.306613484901914812e-01
1.324890308178950649e-01
1.418690506255683159e-01
1.787546748576114841e-01
6.060000000000000142e+01
6.060000000000000142e+01
1.548499999999999943e+02
1.294499999999999886e+02
1.888499999999999943e+02
1.906500000000000057e+02
1.618499999999999943e+02
1.633499999999999943e+02
1.916999999999999886e+02
1.945999999999999943e+02
1.943499999999999943e+02
1.979000000000000057e+02
1.990999999999999943e+02
1.945999999999999943e+02
2.014499999999999886e+02
1.979499999999999886e+02
8.567821351469662616e+00
0.000000000000000000e+00
3.038379942953441315e+01
6.438885241247410463e+00
4.267435958732858303e+00
1.914916734445998747e+00
3.096815784347857203e+01
4.024594337351688011e+01
2.118971048626809761e+01
1.627685616741078078e+01
4.593206932374116036e+00
1.842485304570590188e+01
8.315491774649810708e+00
7.355385570583012012e+00
2.160788607999889877e+01
2.239000547445970568e+01
3.336727579772170160e-01
9.274789484750156632e-01
5.785953088145122658e-01
1.211989165412928893e-01
5.745360841338717495e-02
4.250909325147970291e-02
5.069324042428211552e-01
7.155111586619066211e-01
2.860746450138582642e-01
3.313583342778905760e-01
5.362717321143643107e-02
3.161116785972039045e-01
1.595906117984685624e-01
1.421526452597427215e-01
3.766793701300700792e-01
3.168861711057494590e-01
1.418789480622077690e+02
0.000000000000000000e+00
3.271860695306730236e+02
2.619419275094303430e+02
3.780607712973618391e+02
3.834320805099279141e+02
3.278990752532167789e+02
3.460772163818500076e+02
3.841806802151029956e+02
3.874952168659954168e+02
3.888879680041860638e+02
3.974229565611501584e+02
3.987800859860211631e+02
3.905445436377666510e+02
4.043456576516744008e+02
3.952696819644156676e+02
