-7.099506680595525365e-01
-9.465073537977288787e-01
-4.712708305758400162e-01
6.921348945436195388e-01
-2.466604627970251151e+00
-5.108256237659907217e-01
-9.887997511630642888e-01
-1.387255446349699439e-01
-2.571668827726025786e-01
-1.279075306805794954e+00
-1.200196341201348460e+01
-2.378793043659505280e+00
-7.322053258691169075e-01
-7.557386507508028206e-01
-1.428916760888182091e+00
-8.402548300643198909e-01
-2.136263860344374432e+00
-1.566664547600169932e+00
-2.117123194534388908e+00
-7.911157333291368721e-01
-1.091996564711322559e+00
-1.304342626835433672e+00
