-5.977771714868064246e-01
-6.037113679639366515e-01
-6.197958466852850901e-01
6.579415596582786074e-01
-2.222605397863262944e+00
-1.574116142375904692e+00
-2.255087013369005522e+00
-4.980453422527987839e-01
-7.046062240012396227e-01
-8.726403209122921112e+00
-3.044726240521717919e+00
-2.948069287876227129e+00
-5.732524946948345385e-02
-2.713479518441626603e-01
-4.744877508953290857e+00
-1.241632592640025345e+00
-3.395674784902007470e+00
-1.491409577577552881e+00
-7.482474801649141583e-01
3.413829393919784461e-01
-1.195190886787842688e+00
-1.010475874618541825e+00
