-6.056276900970022359e-01
-6.767320416456232834e-01
-6.286069865121298728e-01
7.117267622232069657e-01
-2.490344852501610085e+00
-1.956572481449253775e+00
-1.235083052008500548e+00
-3.937670569484678640e-01
-7.843127532963987125e-01
-1.548288584654685662e+00
-2.993296538954806518e+00
-3.944715429171060439e+00
-8.301321247707389439e-01
-1.135969501892485578e+00
-1.445681123451058259e+00
-1.322575573010358108e+00
-2.863931717595178394e+00
-1.379079889195632624e+00
-1.835868832965140030e+00
-1.604490302893743614e+00
-1.090289134601584387e+00
-9.755635634302771697e-01
