-6.417517996003953007e-01
-7.874631345801119675e-01
-5.470155118714066234e-01
4.880431239490114481e-01
-2.177372566414214283e+00
-9.616325749861381889e-01
-2.812606175024818356e+00
-8.118558302554010897e-01
-2.503037880226732792e-01
-3.635984212771339319e+00
-6.119985061162657836e+00
-3.057880101387936200e+00
-3.335076067766003516e-01
7.203694590263522990e-01
1.239546842695984918e-01
-1.430620335603640214e+00
-2.920174124082207445e+00
-1.289530623123666064e+00
-2.193838562007656812e+00
-1.262236324942550558e+00
-1.289312531917030658e+00
-1.034777332381502823e+00
