-6.506071338653565128e-01
-8.236829025681086103e-01
-5.297174677016652788e-01
7.154090445823351185e-01
-2.375406607464795705e+00
-1.278424123398341772e+00
-8.968993888316952878e-01
-2.955936113179264413e-01
-8.345472437538726806e-01
-2.374920639538967149e-01
-2.604066252825011141e+00
-2.766351077934463554e+00
-1.184170871210325160e+00
-1.153912826591440677e+00
-2.259250936664988885e+00
-1.487812626913287639e+00
-1.870801067991075595e+00
-1.759080578783418947e+00
-1.088659013570545842e+00
-9.620220990099060954e-01
