-7.217219557487694059e-01
-6.911671711498255100e-01
-5.775501241401334029e-01
7.800224473112576939e-01
-2.747102244811364891e+00
-2.607742423356409489e+00
-2.459905187652607683e+00
-1.456487337920532310e+00
-1.042147831093459542e+00
-1.017002534318164786e+00
-3.034343846925211086e+00
-3.936336975497813917e+00
-1.359040228498833658e+00
-1.129538354197304306e+00
-3.842978499047371432e+00
-1.992194851753449569e+00
-2.178691195103758638e+00
-1.977421059992980457e+00
-2.191344549689947740e+00
-1.135573386857553269e+00
