-6.536606630604494539e-01
-9.693221505393941895e-01
-4.862798308594518670e-01
9.966296668460423724e-01
-5.910998821885221410e+00
-1.276494690085158368e+00
-1.858008013739864461e+00
-6.805759811972883488e-01
-9.606627331744278520e-01
-1.214060597946807762e+00
-1.149907566522081304e+01
-3.062232979725501458e+00
-7.770755120702392826e-01
-1.098721117272753123e+00
-1.921552232711751129e+00
-1.818546868967922947e+00
-3.533441106968918000e+00
-1.927321361286089330e+00
-2.195678977901079243e+00
-1.912232800548786749e+00
-1.343713761854528288e+00
-1.366840887636538771e+00
