-6.595887410835158393e-01
-9.360767314056197552e-01
-4.287482694164186370e-01
6.373898956698167417e-01
-3.138711898441082226e+00
-1.279779754296263672e+00
-7.966221001659279377e-01
-7.768032226930459139e-01
-1.384157021198939796e+00
6.493681276792737100e-02
-9.421335118836058342e+00
-3.228798671977041845e+00
-1.576274054311584738e+00
-1.667000076113974716e+00
-4.251841748411619548e+00
-1.520613372557008125e+00
-2.463885239426860885e+00
-2.069395561085973334e+00
-1.037565495612102762e+00
-6.698346385763352950e-01
