-5.638549894847787458e-01
-8.482471868302888796e-01
-5.423098814578202198e-01
4.545691197343506018e-01
-1.769216243782198772e+00
-6.080964220177698110e-01
-3.363381141051642320e+00
-8.572140592474206677e-01
-1.122303393959755535e+00
-7.841899817021757979e-01
-6.527131255329953419e+00
-2.658010024512225122e+00
-7.841899817021745767e-01
-6.907755278982136815e+00
-1.278930211747284496e+00
-1.486444780371373175e-01
-4.470707570543935638e+00
-1.067865746227231405e+00
-1.562312308642370029e+00
-1.710110952383170568e+00
-8.707995537738966174e-02
-9.083708651446642524e-01
