-6.058253707046212799e-01
-6.954722642563845314e-01
-6.153740505123519444e-01
6.049782013617361898e-01
-2.038832427222608601e+00
-1.246852351337006448e+00
-2.807962085629748472e+00
-2.867537358571376482e-01
-2.224674761542093926e-01
-2.754276528491765408e+00
-4.560301013835745820e+00
-2.704000035285802461e+00
4.589767031126349567e-02
-4.643741103301651102e-02
-2.797730512448560525e+00
-1.377476408535940777e+00
-2.634330835466434984e+00
-1.723331329030911130e+00
-9.722549228767184415e-01
6.497933029128123428e-01
-1.119958895221071948e+00
-8.914748067285742650e-01
