-6.884871534277832161e-01
-8.171718413672817150e-01
-4.354841707280079355e-01
6.221975617096955347e-01
-2.438726963486759658e+00
-1.381347285731758801e+00
-8.011929927326659762e-01
-6.811128232019711959e-01
-2.030338333485835811e+00
-2.135186979885225877e+00
-2.172486393995448850e+00
-1.981447831626462097e+00
-1.304423562042367202e+00
3.388262599731244329e-01
1.048789154767674064e-01
8.945339823709567983e-02
-1.091816860497441155e+01
-1.301995713382505970e+00
-2.066817573949886633e+00
-1.715739679243600824e+00
5.071353805716494190e-01
-6.720597122093396880e-01
