-6.394138480247063550e-01
-8.231411141281689270e-01
-5.740569255505200141e-01
8.120715838623839833e-01
-2.628931927784481370e+00
-1.758806717074401060e+00
-3.983364471619125768e-01
-2.190743702395905768e+00
-5.006785262004114223e-01
1.972443530605958936e-02
-1.129830586857688068e+01
-1.229085524071297542e+01
-1.260412791160152590e+00
-1.391212931881478321e+00
-3.031339027745663550e+00
-1.584156962680389302e+00
-2.000211823688120116e+00
-1.662899428970146865e+00
-1.024067934469197638e+00
-9.663546211221990534e-01
