-6.630487102102722297e-01
-6.879657530767748774e-01
-5.364009164676527552e-01
5.265569381400215798e-01
-1.687585202831695108e+00
-2.654903806498296603e+00
-1.225082387483481661e+01
3.292345146859079752e-01
-2.888719470384233379e+00
-1.514862073412450494e+00
-1.240414171639587160e+01
-1.257277926624351494e+01
-1.724272182643521723e-01
-1.364786204077463871e-01
-1.286758714395256076e-01
2.107740992932337354e-02
-5.549750730842322177e-01
-8.584068284510261437e-02
-1.520943499309708624e+00
-7.157376663734567046e-01
-7.257400484283131892e-01
-4.783240465618990300e-01
