-7.984376885219485187e-01
-7.326618223581923273e-01
-7.533960758902944477e-01
7.611948299162930587e-01
-5.108256237659907217e-01
-4.902817291811767397e+00
-1.560752322749273002e+00
-3.801581997409523961e+00
-2.467252717696308828e+00
-2.826537768005119577e+00
-1.252662838471732520e+01
-1.915027036854264786e+00
-1.768954307562263795e+00
-2.800440858342577499e+00
-2.084743596424665224e+00
-2.196179215865783796e+00
-1.807682861762194060e+00
-2.568535684099937377e+00
-2.821045851413905847e+00
-2.194435328480484060e+00
-2.129559850225316797e+00
