-6.441410181849271943e-01
-8.766240306204957644e-01
-6.494372609908520833e-01
4.739978645275546021e-01
-2.129003156383695305e+00
-3.421815713310089047e-01
-1.641114347435009391e+00
-3.979754512884812745e-01
-7.268116771101985618e-01
-1.434368826123058271e+00
-2.486961038590516981e+00
-3.504357063606485134e+00
-8.801049697209849532e-01
-1.039121111832651767e+00
-2.862287542373183502e+00
-1.505234128684348915e+00
-2.768031013804236995e+00
-1.894108045315007205e+00
-1.303867483581001130e+00
-1.513399987554119308e-01
-1.238194980815495061e+00
-2.757310030074960894e-01
