-7.221175910811852283e-01
-8.395941369482756711e-01
-5.629547873711749917e-01
6.072453116875550228e-01
-1.952504890412211980e+00
-1.589264255889691224e+00
-1.379446170245361980e+00
-8.639049551351454248e-01
-5.205634003758746742e-01
-1.743806986348234833e+00
-2.475818768004343084e+00
-2.070798753575905593e+00
-3.808725217617107139e-01
-7.140517727029945805e-01
-1.540345318861924495e+00
-1.197246650381138533e+00
-2.581746286188529194e+00
-1.090395904703004959e+00
-2.387631997011210316e+00
-1.825677020240361381e+00
-5.516998748765093996e-01
-6.536449063276155158e-01
