-6.775053391909351408e-01
-9.969934829776975205e-01
-3.574467460273960118e-01
7.819902747505060869e-01
-3.320375494768652125e+00
-5.108256237659907217e-01
-7.798873655368556701e-01
-5.202741901972441907e-01
-8.970212496126918067e-01
-1.166368250141772700e+00
-1.311160300697451575e+01
-1.401866917126362289e+01
-4.616624011108008685e-01
-5.100436600684847555e-02
-1.583960702558394384e+00
-1.561139038388479339e+00
-2.329733006898312642e+00
-1.287004599719648645e+00
-2.068478753389531910e+00
-2.073874224161034174e+00
-1.260638087278703301e+00
-1.316166442362582956e+00
