-6.838628249200466858e-01
-8.189712260945195554e-01
-4.891363610619724467e-01
7.215986245375088926e-01
-2.063399911919075347e+00
-1.739229688878642044e+00
-1.289933396221172313e+00
-8.333810498437571601e-01
-6.223253477898340602e-01
-1.317583334878414947e+00
-3.595400737623305254e+00
-3.616480992687206797e+00
-9.637683170302283608e-01
-6.748870524609759114e-01
-1.450358821418714417e+00
-1.271568328207020926e+00
-3.133033191053704147e+00
-1.174589353198640884e+00
-1.863424895254847780e+00
-1.896321726942973962e+00
-1.075337989282545204e+00
-1.215334048001678768e+00
