-6.472982323256296633e-01
-8.084413722207635100e-01
-6.222871936930743919e-01
6.975051388960473719e-01
-2.214287984577756774e+00
-1.197567283477693367e+00
-6.453114474726153738e-01
-1.043202862643102247e+00
-7.524027202387864044e-01
-7.649226776967278374e-01
-2.434254173476760208e+00
-1.255844095248450287e+01
-8.557392750322222463e-01
-6.989781085061665955e-01
-1.106340852589260404e+00
-9.547099237447678188e-01
-2.592364959528007162e+00
-1.070731538505377056e+00
-2.166023454686660354e+00
-1.459811668535541118e+00
-1.326273086993068562e+00
-8.997055850852911929e-01
