-6.772307361590720332e-01
-7.979804943074786383e-01
-5.145504955375107548e-01
6.435833492973684899e-01
-2.053402074184567994e+00
-1.692165329141828378e+00
-1.796742022443376108e+00
-7.041735692301260841e-01
-5.405350882667406820e-01
-1.376497964519140638e+00
-3.597135741174250168e+00
-3.057576472448368499e+00
-6.105685383321077797e-01
-9.157262168128159630e-01
-1.416684643975522073e+00
-1.258152208532206329e+00
-2.479470734386727493e+00
-1.171420070730623486e+00
-1.599030380442494792e+00
-1.440685687061460385e+00
-3.760997911803202198e-01
-8.149251528619619878e-01
