-5.639234546065816645e-01
-8.481930702187052695e-01
-5.421187762767839535e-01
4.546481943325391128e-01
-1.769141511313838233e+00
-6.084339472784614511e-01
-3.377575953072520676e+00
-8.561123526915905835e-01
-1.122806028166582371e+00
-7.837872548335851342e-01
-1.007244546159009957e+01
-2.646837723203944392e+00
-7.837872548336553002e-01
-2.302585092994045457e+00
-1.275164351977793764e+00
-1.482203515810149308e-01
-4.456199377431619091e+00
-1.068294993056397191e+00
-1.561837835844874567e+00
-1.710814796433720586e+00
-8.672081351847429898e-02
-9.087938035641685008e-01
