-6.769848338430891621e-01
-7.799818782677974127e-01
-5.323259826980181186e-01
5.143279130066562566e-01
-2.726033582659681542e+00
-4.624538292788605287e-01
-1.414264053500985607e+00
-7.430835463528026041e-01
-1.205313559382426680e+00
-1.912078766711795774e+00
-3.399552442620996651e+00
-4.303364069681078874e+00
-9.561840594065714738e-01
-1.122595323228364084e+00
-2.497420474129138146e+00
-1.603716985440381881e+00
-3.142827839803347789e+00
-1.871230942091121285e+00
-1.719857444778711386e+00
-2.266127482220768874e-01
-1.208165062697333259e+00
-1.993038461022311747e-01
