-7.252508307510858732e-01
-8.626557600119342251e-01
-4.099935171984189775e-01
6.935797284578657518e-01
-2.140136077984070795e+00
-1.145545879843475667e+00
-1.213745538038169647e+00
-7.449376754050131000e-01
-3.265157956787985150e-01
-1.667008167666745200e+00
-3.736037787642493946e+00
-3.078221530598851174e+00
-9.140413746536710793e-01
-9.483997447931193925e-01
-8.229751869718864299e-01
-1.329516160649266032e+00
-3.365520662970253873e+00
-1.587139396269591440e+00
-1.190439988307012475e+00
-8.784908172977433649e-01
