-6.614880650710325272e-01
-6.891325327166732961e-01
-5.370169818863498312e-01
5.255259045112131711e-01
-1.694587755068976076e+00
-5.108256237659907217e-01
-1.176295767853254048e+01
3.426189744645731228e-01
-3.448081202386469979e+00
-1.567068260154512505e+00
-1.265200611888643323e+01
-1.162481288119066392e+01
-1.574857209864929108e-01
-1.177595554319305488e-01
-1.255350811919752063e-01
2.954806906848432557e-02
-5.768252321722249221e-01
-7.016192598103720979e-02
-1.474458649625183027e+00
-6.838078080930033442e-01
-6.930410864985921959e-01
-4.581265660910003867e-01
