-6.530308470203028959e-01
-7.800176905621586387e-01
-5.120974690762442050e-01
3.448175642370778227e-01
-3.249567551836636259e+00
-1.411451700370685680e+00
-2.589932572432046332e+00
-9.457467655415766616e-01
-1.524596780660756989e+00
-1.623391787507640016e+00
-1.103094526356103344e+01
-2.334124484560093471e+00
-1.334139091422609669e+00
-6.199850021875422668e-01
-2.061815145793875370e+00
-1.714995427330849864e+00
-1.229791982329853539e+01
-1.698046952471053084e+00
-2.068189484659716637e+00
-2.550063992168089655e+00
-8.344407592813030128e-01
7.086064083006506920e-01
