-7.196888738201315805e-01
-7.784003803809591560e-01
-3.854123640332876022e-01
5.664961046922269983e-01
-2.327347345192744221e+00
-5.108256237659907217e-01
-1.365528906965364619e+01
-5.586506679445539802e-01
-1.001931899953643601e+01
-1.603274567885024426e+00
-8.669737961316268393e-01
-9.798198489783747078e-01
-2.504510088191136963e-01
-3.379456211668857568e-01
-1.368667689461437131e+00
-1.243488761182621749e+00
-3.659889951466594571e+00
-7.098373233668696658e-01
-1.621174254280838278e+00
-1.885795197748867613e+00
-7.591829785696662114e-01
1.787449072365609737e-01
