-6.555668577334571312e-01
-8.592467454908175872e-01
-5.173419171037734188e-01
4.843686501203886552e-01
-2.047885895194730743e+00
-9.585970198611323267e-01
-1.985803147767331911e+00
-3.297549576107551283e-01
-5.347892841910629746e-01
-2.904317908246995206e+00
-3.995666669258681747e+00
-3.945863862959338775e+00
-1.882049335279429025e-01
-5.587624941269589973e-01
-2.613639795855944303e+00
-1.178280668973543222e+00
-2.495532853557826503e+00
-1.303193967081929250e+00
-8.774804748172322366e-01
3.587196439990132935e-01
-1.153867591899409240e+00
-1.203949653142073251e+00
