-6.939962007937879873e-01
-8.333671320101830871e-01
-5.509761912574877574e-01
5.885012378695791968e-01
-2.861013090858924635e+00
-2.520251269204742517e+00
-2.361557071639042604e+00
-8.832089089189000264e-01
-1.016823049729844497e+00
-1.103033416600712302e+00
-1.282905734106814499e+01
-3.267987867881653408e+00
-9.692226183728915867e-01
-9.913964825667826997e-01
-1.581482164743181373e+00
8.318741800847556656e-02
-8.137328829120984430e-01
-1.681852684069789827e+00
-2.311782638523929290e+00
-2.438695519553674806e+00
