-6.357063515008383181e-01
-7.679212043164883594e-01
-6.315029029350578416e-01
2.198589580128835208e-01
-2.109658976097511740e+00
-3.336329160409945982e-01
-4.088031242339619453e+00
-8.076641168192097986e-01
-2.747423055047268026e+00
-2.364040759872975794e+00
-2.900366068691868193e+00
-2.017476599025553430e+00
-1.598115371385505190e+00
-1.866724590245198101e+00
-1.515066502654277336e+00
-1.220776000337737477e+00
-5.952798697230184288e+00
-2.460576788868302778e+00
-3.054136667546358819e+00
-1.676710230440533911e+00
-1.124880115190302732e+00
-5.243335557810280267e-01
