-6.856210563367222122e-01
-8.096680889400860170e-01
-4.995794333190995418e-01
5.190418009989454795e-01
-2.956458806598173616e+00
-5.300034923976116863e-01
-1.438643584752843152e+00
-6.510158591045087650e-01
-1.173131589896754257e+00
-1.621766532684869233e+01
-3.103029112483658647e+00
-1.691283831185875641e+01
-3.732505520100979357e-01
-3.860685607422800203e-01
-1.425628326315745298e+01
-1.821721955770769563e+00
-1.215808365618781117e+01
-2.275273900703963736e+00
-1.840184633130756697e-01
-1.408867286236731076e+00
-1.850756006831638656e+00
-5.562916814822915085e-02
