-6.758503947590190908e-01
-6.606163498614509022e-01
-5.103451217249258542e-01
7.129156671933591927e-01
-2.778385962647495599e+00
-1.059354482467523395e+00
-1.628512936504049158e+00
-4.841684017080971625e-01
-4.177082833702953635e-01
-1.904457202761587142e+00
-4.532748597437531224e+00
-4.140618892235997883e+00
-2.989056899055261840e-01
-1.191675566920489260e+00
-1.214811869851650350e+00
-1.643398442000333581e+00
-2.831085232707427846e+00
-1.453800689411781422e+00
-1.468950711021427935e+00
-1.470448184407377346e+00
