-7.413518805360880259e-01
-8.522250463194236403e-01
-4.623249804297352439e-01
7.041993244519271222e-01
-2.565850108494714732e+00
-7.996070884799247880e-01
-9.721206623581305495e-01
-1.166151547922817056e+00
-3.509745066032150529e+00
-2.862413002782628002e+00
-4.044665417603125590e+00
-1.674258659398720983e+00
-8.175331567006068889e-01
-2.043566917951421813e-01
-1.935440754977320044e-01
-4.208307370713369466e-01
-7.815625478396758474e+00
-1.568778563889530631e+00
-2.242948274664790187e+00
-2.606891300136298106e+00
-1.309471658237132186e+00
7.693796861896641526e-02
