-6.467135495990011806e-01
-7.649467701645804585e-01
-5.512444594869927439e-01
4.717279934523081475e-01
-1.971819943150289856e+00
-8.285333279228387360e-01
-5.209339526654248598e-01
-1.410297991897776271e+00
-1.244136954144892337e+00
-1.527875648449689816e+00
-2.236301227187508900e+00
-3.333137790873703654e+00
-6.845653236692917920e-01
-7.035850594540095093e-01
-1.675124456585906252e+00
-1.495033131457329967e+00
-5.138625549164435924e+00
-5.966029967001676981e-01
-1.985269334043689327e+00
-1.301866972103541853e+00
-3.518213733811588195e-01
-9.269803160180836166e-01
