-6.417924068004468019e-01
-7.874005901570441113e-01
-5.469833061610208658e-01
4.880697286662866174e-01
-2.177265680795687608e+00
-9.616092375148441729e-01
-2.812645866966580144e+00
-8.119544347167391152e-01
-2.502381087467192566e-01
-3.635975648455978426e+00
-6.119951085527558732e+00
-3.057917042419546316e+00
-3.334638890324765348e-01
7.203096102906082487e-01
1.239514101625927706e-01
-1.430663849152944866e+00
-2.920187001885821587e+00
-1.289530673021665574e+00
-2.193881494980296942e+00
-1.262186063053971186e+00
-1.289346501972540970e+00
-1.034789835031106442e+00
