-7.052668221004525506e-01
-7.826708638866584078e-01
-5.561313723318431768e-01
5.002859815052828063e-01
-2.194542963603143271e+00
-7.784930603666192495e-01
-1.113238370169875813e+00
1.484166937564967981e-01
-2.181862208431024186e+00
-2.553145407600361239e+00
-2.744060255586913133e+00
-4.717744920660398300e+00
-1.027590044809940428e+00
7.472365576193129577e-02
-1.745942228057648427e+00
-5.685998829485192640e-01
-2.522082010689034259e+00
1.012169082531736049e-02
-2.094954430837766779e+00
-1.692232666722725876e+00
-1.042774826758128270e+00
-1.042911842159837787e+00
