-6.808253709422237288e-01
-7.953973181938288617e-01
-6.238401108328454070e-01
4.606325555679336992e-01
-3.412727298131458031e+00
-1.706363897968703691e+00
-1.520654459499094990e+01
-1.170592383767166955e-01
-1.478475029364457427e+01
-1.359148177058226770e+00
-1.220781699692500233e+01
-1.300164047924195154e+00
-6.094815103297985814e-01
-8.388386584932580048e-01
-6.308065346693693343e+00
-7.170608863056394666e-01
-2.976720774820317494e+00
-1.528819662660873879e+00
-7.996303211752744389e-01
-8.451901780186039659e-01
-1.650813048665783045e+00
-8.904009512887740563e-01
