-6.814726251503834265e-01
-7.449701172746118205e-01
-5.520264782266093295e-01
5.771804513693848948e-01
-2.296816243635545707e+00
-8.167225918506019200e-01
-6.319778874787270739e-01
-4.616992912899034462e-01
-6.756877973971442408e-01
-1.093109565162976304e+00
-4.397553708147118989e+00
-3.192441484368798488e+00
-6.371627725497100991e-01
-8.287924332474244649e-01
3.005102532809719729e-01
-1.146611389503349177e+00
-3.741161578719057079e+00
-1.510333046251183253e+00
-1.776253654449290398e+00
-2.417199158629283584e+00
3.994750937672514324e-01
-9.457512674567057909e-01
