-6.417414525217050025e-01
-8.110093511594574922e-01
-6.173301905172801085e-01
7.125109693564221081e-01
-3.360249990368063155e+00
-1.592655356892995755e+00
-1.452068381266073294e+00
-5.448078565675943397e-01
-9.786283669051987211e-01
-1.012099017571432391e+00
-3.110906029339347789e+00
-2.939430499985828948e+00
-7.380636484660061392e-01
1.259748533042679863e+00
-1.120647503032360159e+00
-1.239830572366752204e+00
-3.738138806299666772e+00
-1.493778603775176128e+00
-1.043774190974289029e+00
-1.072177050176697843e+00
