-6.791971496962461163e-01
-1.144827079508085488e+00
-3.853677979458816072e-01
6.907150919328762795e-01
-3.682591024258766943e+00
-1.538186856258873414e+00
-3.333564907135007971e+00
-1.005515851079761047e+00
-6.006997097041328892e-01
-1.202368469966646147e+00
-3.437127547410668171e+00
-2.111453342863895521e+00
-4.564563023890413906e-01
-1.491091562480779897e+00
-1.938598881049425904e+00
-1.699823133938054953e+00
-3.106609867430971228e+00
-1.488867370480947194e+00
1.831110385629459714e+00
-1.799812410523300210e+00
-1.442258780325797796e+00
-1.051736802199489063e+00
