-6.689679135173154378e-01
-7.765202393284630356e-01
-4.896700943865903710e-01
3.216781343960194439e-01
-3.627846342613235908e+00
-1.898857292318879564e+00
-2.345525109202946368e+01
-6.427815673865788781e-01
-2.098151667380970409e+01
-1.181394436803679504e+00
-1.752297370717017078e+00
-1.545217360067221435e+00
-1.147050079472617945e+00
-5.689154888163995283e-01
-2.444006877627820096e+00
-1.453424343419605247e+00
-1.418923705642575328e+01
-1.241769025365544454e+00
-1.840707401445435432e+00
-2.880220150267047252e+00
-9.963739881546916921e-01
1.402072840845196344e+00
