-7.430500312093624160e-01
-7.732696113253584302e-01
-6.456633863547460717e-01
3.991062147343947264e-01
-2.064949036159756446e+00
-1.008526617872590458e+00
-1.987744546166363646e+00
-4.054172955474473206e-01
-1.360765521551591917e+00
-1.411341888284081358e+00
-2.190435212307574542e+00
-1.189843469020989453e+01
-5.908648908555814705e-01
-4.471373268359298270e-01
-1.529549209744274441e+00
-9.052805664708052369e-01
-4.868345410348989821e-01
-9.188484059226924572e-01
-1.362554627135811103e+00
-1.823175335138880415e+00
-9.512251427456515085e-01
-9.796318722960498659e-01
