-6.797038370827984677e-01
-8.387469380114060957e-01
-5.236225194744295042e-01
6.586278249087132997e-01
-2.533050229316491375e+00
-1.512241036762893787e+00
-1.458081268362662941e+00
-9.054570458245504438e-01
-8.193368086703735065e-01
-6.589584273852280294e-01
-3.000653660323277627e+00
-3.388761294462994123e+00
-1.421742379843824455e+00
-1.109938518563890364e+00
-3.241614457165272523e+00
-1.641614494088662335e+00
-2.116576961323869188e+00
-1.949031276096101939e+00
-1.416517985953129388e+00
-1.149938457354970911e+00
