-6.743260593841157169e-01
-7.221811475919921453e-01
-6.358068585898898339e-01
7.231983775225422351e-01
-3.799762112553179527e+00
-1.803495988480768419e+00
-1.768997913157429824e+00
-3.399360646595123159e-01
-1.424572764749507003e+00
-1.627760032111931210e+00
-3.495758970187610171e+00
-2.893760335528499983e+00
-8.380759121663449163e-01
-1.112878263840337612e+00
-1.626213878541305169e+00
-1.610917288132775793e+00
-7.045107872351419331e-01
-1.369276413924335412e+00
-1.839460850803132042e+00
-2.103593792122480988e+00
