-6.750345882845216750e-01
-8.768494214359658923e-01
-5.392330319608575895e-01
4.917415875975610917e-01
-1.881163377300296036e+00
-1.032107889326793870e+00
-2.861853710069235746e+01
-3.224222925201230550e-01
-2.163181306024969075e+01
-3.780644360863842923e-01
-6.446914927257112460e-01
-4.875276968826505186e-01
-6.680992371603521329e-01
-7.577201410026035422e-01
-1.186340564061967306e+01
-1.054655406109577198e+00
-2.407661572657971760e+00
-1.479744499284317172e+00
-1.050961124325586082e+00
2.641778691647138078e-01
-1.197333800382661462e+00
-1.244039200289211555e+00
