-6.065727046912136045e-01
-6.948074488300685081e-01
-6.186355337095390539e-01
6.097290204531276014e-01
-2.126411820167035227e+00
-1.678463261176786014e+00
-4.338024164192756160e+00
-3.017430161902281971e-01
-2.729600680875727825e-01
8.985309118418995447e-03
-2.873016667564840976e+00
-2.790575410175773818e+00
-1.485323621087891510e+00
-1.096484613495497751e+00
-2.960681655077396890e+00
-1.311507797414812826e+00
-1.980885684784102097e+00
-1.752972616542652018e+00
-9.906081626789623451e-01
-8.024227624703064166e-01
