-6.467277575245252708e-01
-7.649457321031083445e-01
-5.512391294596152846e-01
4.715915959365660215e-01
-1.971771292624860283e+00
-8.288064185355419333e-01
-5.217706541295679123e-01
-1.407548877976794621e+00
-1.243475510878189638e+00
-1.528763333102689748e+00
-2.237295521465782144e+00
-3.331221606249013423e+00
-6.847439245711920419e-01
-7.036325884374182715e-01
-1.674902716659423696e+00
-1.494435347840791239e+00
-5.174938447799043217e+00
-5.965294719440386029e-01
-1.986711058657786078e+00
-1.301825630264646927e+00
-3.518071529823490473e-01
-9.267009464201472202e-01
