-6.556569989393907782e-01
-8.585399866181492312e-01
-5.173343813019611881e-01
4.841754398502420287e-01
-2.048004201544685987e+00
-9.600203256412946917e-01
-1.989524191335691583e+00
-3.295100532905479440e-01
-5.346381467227939721e-01
-2.912132393566770894e+00
-4.033127523418885474e+00
-3.912191512173699426e+00
-1.884064072310072668e-01
-5.580564702772051744e-01
-2.625597963307352956e+00
-1.177554471095141331e+00
-2.491372713173789499e+00
-1.303369077125045017e+00
-8.751085666093468829e-01
3.590103713788249107e-01
-1.153929474594050486e+00
-1.203933159319937385e+00
