-6.440789691317041488e-01
-8.083672373924185584e-01
-4.814091889645614741e-01
6.560509389640725164e-01
-2.075506112060417685e+00
-1.853851928221933232e+00
-1.164201846828007092e+00
-6.514555699795987476e-01
-3.149995675789185601e-01
-5.290471938986825995e-01
-4.120074305378082613e+00
-3.104058381171360015e+00
-6.474075425729534095e-01
-5.431278117776181524e-01
-1.436635386208080511e+00
-1.261546865383521121e+00
-1.120990201503650585e+00
-1.652726654549619090e+00
-1.734661180497886424e+00
-1.303094299995723571e+00
