-6.806656378169441135e-01
-7.953617424771796118e-01
-6.236832435134954666e-01
4.601152807504288456e-01
-3.413185755149659606e+00
-1.704822615610646741e+00
-1.372622208957694490e+01
-1.165885686382713143e-01
-1.211144986379905575e+01
-1.360636015349279138e+00
-1.020500081313501539e+01
-1.300260829154022302e+00
-6.094543379355229495e-01
-8.386620012831448312e-01
-5.975536089165191633e+00
-7.169482072551338625e-01
-2.972925066969280383e+00
-1.528557705002299816e+00
-8.008260916776043237e-01
-8.464159647463774805e-01
-1.652627831862710783e+00
-8.901032818094433141e-01
