-6.800383622056924704e-01
-7.220255977643681433e-01
-5.355202884148578812e-01
6.267231470990309861e-01
-2.702237268531743730e+00
-1.965589286106176559e+00
-1.188602019834877899e+00
-7.285800651240778025e-01
-9.209576474874869856e-01
-1.684587985799571141e+00
-3.179033004725539957e+00
-3.863231732404731833e+00
-7.382012643150656084e-01
-8.665927739845322719e-01
-1.480594287672483578e+00
-1.713198041928417403e+00
-1.038149862676281954e+00
-1.634298865987903637e+00
-2.363804332345925019e+00
-8.143981018422515872e-01
