-7.361429292158992999e-01
-7.495084332040675701e-01
-3.804387000393221752e-01
7.417690737895621389e-01
-2.449612876231787695e+00
-1.342180322108121437e+00
-1.197173337263190085e+00
-1.329663857190845233e+00
-7.172509472819924570e-01
-1.394302470611844091e+00
-4.016702786760837363e+00
-2.723959971901468879e+00
-4.692498423291163179e-01
-6.778745357108224567e-01
-1.508666181385926786e+00
-1.239140370425680704e+00
-2.506095622081587759e+00
-1.135817812808736393e+00
-1.853142398281011349e+00
-1.814132623969738400e+00
-1.142096459285065313e+00
-7.966746149692959245e-01
