-6.913669545496214930e-01
-6.286262890586657992e-01
-6.490978603391829305e-01
6.364892530941371751e-01
-1.695042497366712198e+00
-1.232776354605253477e+00
-1.351064784762274318e+00
-1.678927605277079182e+00
-4.493313930912452570e-01
-1.299437205685276320e+00
-2.614575283495511826e+00
-2.449991507093222332e+00
-9.644199120419219007e-01
-1.423942611338208541e+00
-2.849819145493402761e+00
-1.800427759096209446e+00
-1.272042042548381158e+00
-1.557826871236330790e+00
-1.271981604588279469e+00
-1.572842772211134887e+00
