-6.907841119126659768e-01
-6.299933824795195259e-01
-5.746880662527033001e-01
8.085529399668802686e-01
-5.108256237659907217e-01
-1.609020036797947384e+01
-1.093253067830664005e+00
-3.695244070331362707e+00
-2.714422325528287328e+00
-1.436767289366263256e+01
-1.593676625767644417e+01
-1.548765495842067130e+00
-1.537596868969725028e+00
-1.531676960289943157e+00
-1.331944537014148944e+00
-1.977073050987865788e+00
-1.413724681117086712e+00
-2.632966282060957841e+00
-2.008370454477339528e+00
-2.005871012938027498e+00
-1.756162719825265839e+00
