-6.815282144524553720e-01
-7.449598471102993891e-01
-5.520312057625627045e-01
5.771819185357152104e-01
-2.296811353081111395e+00
-8.167097133905910633e-01
-6.319953313730465316e-01
-4.617030753890358774e-01
-6.756887837650797923e-01
-1.093090170168571573e+00
-4.397553557325788454e+00
-3.192424543011949556e+00
-6.371798157858046263e-01
-8.287913257701292613e-01
3.005136792712199689e-01
-1.146603979344828828e+00
-3.741163768745266349e+00
-1.510337286876419327e+00
-1.776282358958700236e+00
-2.417166160838110756e+00
3.994429694472666492e-01
-9.457353427875169194e-01
