-6.125136279609457723e-01
-6.841739828784787480e-01
-6.150239585052811320e-01
6.154607895428498843e-01
-2.434719232594663385e+00
-1.282526077412960319e+00
-2.514970378100943815e+00
-1.854256314024705365e-01
-6.194483657716471914e-01
-4.537669292989212622e+00
-3.736403545585296193e+00
-2.720453949929054982e+00
-4.454207674726978206e-01
-4.436160663633293977e-01
-1.563645484529093910e+00
1.745365839332747027e-01
-3.005798479778150512e+00
-1.440615942679735362e+00
-1.910279642465751770e+00
-1.632089554623862959e+00
-1.120898543828382055e+00
-1.048027545226920099e+00
