-6.476325349819277433e-01
-8.512281331760809255e-01
-6.233170800939641376e-01
6.109488149794428669e-01
-3.187996688521626432e+00
-1.389433172786298964e+00
-1.039577893450416290e+00
-1.120275173952626213e+00
-6.555689161605265936e-01
-1.364266804324665960e+00
-3.447634438917793531e+00
-3.117745023687133354e+00
-9.116158803455179926e-01
-8.391444737541762233e-01
-9.955036807240292829e-01
-1.409630162819466292e+00
-1.273645593241481633e+00
-1.474357913436692202e+00
-2.024824767619110233e+00
-1.678836159552798746e+00
