-6.767282914989846132e-01
-7.747193526170802480e-01
-5.364611660900598933e-01
4.696690160608038012e-01
-2.724359459710617770e+00
-4.229075307782482196e-01
-9.003071960106898697e-01
-7.541723586093184162e-01
-2.206187195120081768e+00
-2.376362649762569834e+00
-4.224595826026795287e+00
-3.543453027509353870e+00
-1.211371779014234429e+00
-7.682706105174824662e-01
-2.514809641912032490e+00
-9.250319365565365937e-01
-3.156009975225090081e+00
-1.858730636277413639e+00
-1.695958054583216912e+00
-2.500653908959462046e-01
-1.212744760968694546e+00
-2.184862195048555278e-01
