-7.093034313208453900e-01
-9.415515768633674343e-01
-4.765914064951383144e-01
6.886664528188829459e-01
-2.459057219109977765e+00
-2.168912204472272620e+00
-8.001297015568845650e-01
-2.262675302963331470e-01
-2.615288017102719853e-01
-1.247895681605213358e+00
-1.045178615097290020e+01
-2.434120139368102897e+00
-7.540357609085176493e-01
-7.915270210315438204e-01
-1.465429451877137579e+00
-8.727978396757115620e-01
-2.161323922788568552e+00
-1.600944802226178298e+00
-2.192556449668019880e+00
-8.331806264168289955e-01
-1.138732959451703719e+00
-1.365713205840247690e+00
