-7.397406846260964342e-01
-8.390968134098327758e-01
-4.676085479964357527e-01
7.846861177354105266e-01
-2.670523415555150049e+00
-5.049237646806004065e-01
-1.009358304501868808e+00
-1.844311589497551918e+00
-9.771902527653509862e-01
-6.224759293175059494e-01
-7.700235292110394703e+00
-2.704252757180829025e+00
-6.665062448475449486e-01
-1.089038339535884470e+00
7.201445741438534942e-02
-1.922865911573142794e+00
-3.874114322787522102e+00
-1.681691204492856029e+00
-2.250149780620891438e+00
-2.721944899597161793e+00
-1.379715746647035557e+00
1.392820045402064222e-01
