-7.215702329413163918e-01
-6.288501807512675290e-01
-6.108632327450869148e-01
7.716871063292828348e-01
-5.108256237659907217e-01
-3.313900198882501424e+00
-1.449733361746379678e+00
-2.740536410498862985e+00
-2.290502510953266846e+00
-3.806479261536604497e+01
-3.572113854672934519e+00
-1.970201384850405857e+00
-1.975864721755921316e+00
-1.387958046993347905e+00
-1.981869927664308140e+00
-5.440994635163013626e+00
-2.146956463334120713e+00
-2.980922148342237232e+00
-3.157297711135132801e+00
-1.184674437859033480e+00
-1.974532808568898901e+00
