-6.826190502658204817e-01
-6.910807992655723098e-01
-5.951173233767784732e-01
7.494914976983565458e-01
-2.829189584291505799e+00
-1.923543767657546422e+00
-5.436142474319328732e-01
-7.486598585720167787e-01
-3.710112794140947856e-01
-1.430337397158567336e+00
-3.242429833056094779e+00
-3.629834480237584593e+00
-8.499932641945044942e-01
-1.247491139598023491e+00
-1.100696443077069597e+00
-1.332578388745054632e+00
-2.636346952503524133e+00
-1.982422188290541953e+00
-1.455571166205376077e+00
-1.124535349300577414e+00
