-6.769764745084679847e-01
-6.704124353379451451e-01
-6.595869057922707501e-01
5.230996411181025874e-01
-2.291126354400665921e+00
-1.905516996667042662e+00
-2.106359465346462567e+00
-1.149915808268420658e+00
-1.338199736044946242e+00
-5.656692350695173843e-01
-2.400828082412373554e+00
-3.155241031953095909e+00
-1.610389090800911749e+00
-1.438082660247203437e+00
-3.745061430221286347e+00
-1.851843299725095982e+00
-7.410433148175821216e-01
-1.705335479266725907e+00
-1.305169292283960614e+00
-5.111605399040496378e-01
