-7.249690795406655841e-01
-9.800253523994052474e-01
-5.153462040541911815e-01
5.295174118309481370e-01
-2.050800913497917044e+00
-1.512159113871193616e+00
-1.254354128607510610e+00
-6.890091016246451261e-01
-1.237342158317857876e+00
-3.005996733874352622e-01
-4.365418248573670112e+00
-3.266608136269016249e+00
-1.279944836497317606e+00
-1.162885155517373592e+00
-2.778741924975210775e+00
-1.246700545540420313e+00
-1.557707830800128868e+00
-2.034438448318428794e+00
-7.417930545014957966e-01
-1.034714381284637774e+00
