-6.105435666787719651e-01
-6.960792030680652553e-01
-6.153479668250038115e-01
5.983787343419323390e-01
-1.993448599757177808e+00
-2.067501826380429453e+00
-1.131297022428121135e+00
-5.350996761253520306e-01
-4.904774397169264222e-01
-1.044177731136161968e+00
-3.682188687061546339e+00
-2.936817350738997412e+00
-5.251301893127519049e-01
-5.507067434048660282e-01
-1.214784964000458434e+00
-1.325666505319699873e+00
-2.613202152363373720e+00
-1.635243114692021438e+00
-1.901884537332390712e+00
-8.549958241524993063e-01
-1.083822598468388021e+00
-8.385035931119433350e-01
