1.800000000000000000e+02
2.790664014366489032e-01
2.709081476303500491e+00
2.786318761582675108e-01
0.000000000000000000e+00
3.086572358064119670e-01
2.790748773406917516e-01
2.047959865192135742e-01
3.144101217926413283e-01
2.379815590190496599e-01
2.528453423443766668e-01
3.190169927216716106e-01
2.729177939556924337e-01
2.682900178370078437e-01
3.483651873343783234e-01
2.492766292069560907e-01
4.097773346632824776e-01
2.543779132895434558e-01
2.609744702157619778e-01
1.869999999999999929e+01
1.869999999999999929e+01
5.129999999999999716e+01
5.610000000000000142e+01
6.520000000000000284e+01
6.620000000000000284e+01
8.440000000000000568e+01
8.140000000000000568e+01
6.520000000000000284e+01
6.759999999999999432e+01
6.790000000000000568e+01
6.859999999999999432e+01
6.859999999999999432e+01
6.210000000000000142e+01
7.479999999999999716e+01
7.579999999999999716e+01
1.736077188258639215e+00
0.000000000000000000e+00
1.326418552164570031e+01
9.221217581275881869e+00
3.190279535215291432e-04
1.975299315930834965e+00
1.801455458510947238e+01
1.336579933215415750e+01
6.242745688206856158e+00
6.053141106919838421e+00
1.061897997346334055e+00
6.995607647812571273e+00
3.850982311460066310e+00
7.671278797862016496e+00
9.849400208814447666e+00
1.025879764310664477e+01
1.555755288790036384e-01
5.068694247636126304e-01
3.827842531868272946e-01
2.965661874679906274e-01
1.177106161347264124e-05
4.705634741932517018e-02
4.596749652256550411e-01
3.335998461312351115e-01
1.461889820681058771e-01
1.622434288016309789e-01
2.898810506782720231e-02
1.455408208099879530e-01
1.113591781027059996e-01
1.477472821428660044e-01
2.611462981824032581e-01
2.549766821142458451e-01
4.004948587025913298e+01
0.000000000000000000e+00
1.122664684700262825e+02
1.114155716764675361e+02
1.323401625503339858e+02
1.335113480413452862e+02
1.646756443280625604e+02
1.584579879069234494e+02
1.338588792645656724e+02
1.367041912399196804e+02
1.365395479448641822e+02
1.379767386010560699e+02
1.387279419515842847e+02
1.267069195570337712e+02
1.482676861419872694e+02
1.541693257891205349e+02
