-6.515319206822091092e-01
-8.568492225871869872e-01
-5.249186321040508751e-01
5.505280099789451320e-01
-2.089711407047877501e+00
-1.581010190898136214e+00
-1.876215827409053682e+00
-3.597480286164845831e-01
-5.182649126560616715e-01
-1.949048597590845588e+00
-3.130210381727003277e+00
-6.991372591225415434e+00
-2.766779738792199961e-01
-6.916203904707679539e-01
-9.982599762289603440e-01
-1.188194932592975039e+00
-2.519819545591979626e+00
-1.213372574687447747e+00
-1.893561863786795030e+00
-1.256089518201990440e+00
-1.100095042228010245e+00
-1.138614212987970831e+00
