-6.664891594547818210e-01
-7.830930434556809816e-01
-5.773218864707335696e-01
2.938850979704559219e-01
-1.921364314262426820e+00
-3.757650940870937983e-01
-9.956859231617688488e-01
-2.048029741265762482e-01
-9.204082645176050459e-01
-1.932040728753805725e+00
-2.230002050194231700e+00
-4.010289387390062465e+00
-7.414818753769222281e-01
-4.933002147044889263e-01
-2.449085771507194309e+00
-1.104549750016149856e+00
-5.504046282959277114e+00
7.127751838010601415e-02
-1.383414182127947756e+00
5.080021768753792411e-02
1.259447302242035494e-01
-1.233886591944431510e+00
