-7.057075431285785294e-01
-1.035013719597643433e+00
-3.751841629392254629e-01
6.269883499094970336e-01
-3.217141398329718793e+00
-1.125124673897749616e+00
-8.985314900002391303e-01
-1.089411921837988073e+00
-6.669573615997068661e-01
-2.196455052617349413e+00
-4.676330289051844780e+00
-4.357391940976172329e+00
-9.792482409821695599e-01
-4.550754696242607089e-01
-1.896455760162623072e+00
-1.488582733300103600e+00
-1.686263510272241417e+00
-1.754764051761489307e+00
-2.319680566693328672e+00
-2.679047383873414123e+00
