-6.597511581941909453e-01
-7.720587593638080781e-01
-5.352475792639108665e-01
4.821907231518951509e-01
-1.837229958417625930e+00
-4.128082083555951742e-01
-8.528531852803855617e-01
-1.136594208744953427e+00
-1.073597750084346103e+00
-2.838753444086814071e+00
-2.233854515809085672e+00
-3.872239207845180164e+00
-4.292540936203427526e-02
-5.005502189199482199e-01
-2.347965761411014540e+00
-1.522553549929136718e+00
-4.943261203866905262e+00
-7.012158395632577257e-01
-1.639003724208269563e+00
3.195831199407219159e-01
-4.271191208850613763e-01
-9.886269372596302452e-01
