-7.549103306531272928e-01
-8.359068309405252029e-01
-5.348030058952599752e-01
6.799126290316532817e-01
-2.648020681430726331e+00
-1.468167923503149730e+00
-1.242430701119930481e+00
-1.055359882660092952e+00
-1.197628857699605476e+00
-2.066960739627365373e-01
-3.141166599891460187e+00
-3.186366756518500321e+00
-1.722247183278539762e+00
-1.335720818455463199e+00
-2.936196231443791493e+00
-1.337164641079331862e+00
-1.771347001632186391e+00
-1.495465484874367146e+00
-1.263715678461473368e+00
-1.183891001660523745e+00
