2.390000000000000000e+02
2.900202286904118298e-01
1.505505554183798722e+00
1.847304668031684027e-01
0.000000000000000000e+00
1.683574017823865343e-01
1.840003482928372625e-01
1.851241844060218245e-01
1.022037373632842527e-01
1.601354713928213325e-01
1.766961176535811473e-01
1.741058689532499482e-01
1.917690566276014918e-01
1.401872183887464818e-01
1.087159371425837906e-01
1.291950511788056144e-01
1.396307805507433775e-01
2.122733790692280798e-01
1.043743430481894469e-01
5.670000000000000284e+01
5.670000000000000284e+01
1.237000000000000028e+02
1.282500000000000000e+02
1.350000000000000000e+02
1.350999999999999943e+02
1.540500000000000114e+02
1.495500000000000114e+02
1.410999999999999943e+02
1.380000000000000000e+02
1.369499999999999886e+02
1.500999999999999943e+02
1.525999999999999943e+02
1.465999999999999943e+02
1.363499999999999943e+02
1.513499999999999943e+02
1.195736047775152677e+01
0.000000000000000000e+00
1.334127197518929719e+01
1.716221470390671300e+01
1.944601920875542289e+00
7.181658352843869331e-01
3.017372563485827897e+01
2.016515398231229028e+01
1.545792840325710671e+01
2.011219844857691186e+01
1.176401922870099703e+00
1.214671291197693392e+01
1.046153410857477439e+01
1.555092441619310861e+01
1.910353219251646095e+01
1.526627927804127793e+01
4.766110045618517366e-01
2.502801416776842536e-01
3.188564909787445778e-01
3.605785235699952018e-01
3.881634681530733710e-02
2.595444320497275123e-02
6.061540180140817524e-01
3.787982121029047078e-01
3.151694989589418072e-01
3.808914818221265652e-01
3.068323716605368678e-02
3.694499096587692266e-01
2.647376800947922049e-01
3.764911480669724253e-01
3.287468520317685106e-01
4.849744836946351390e-01
1.358103063248514957e+02
0.000000000000000000e+00
2.485248158375063667e+02
2.586752214759237063e+02
2.706156400239357254e+02
2.707361490287316883e+02
3.108553929053275624e+02
3.012774416561028374e+02
2.817044445773553321e+02
2.753466223855684802e+02
2.734929465414211336e+02
3.024196374912205556e+02
3.058677851203135560e+02
2.958150564861716134e+02
2.737515194795521438e+02
3.015925148462712286e+02
