-6.531104068646540473e-01
-9.113546470102068531e-01
-4.865317937082964117e-01
6.136835190519395189e-01
-2.178318554822219699e+00
-1.394427037379661227e+00
-4.398267057140978764e-01
-3.649265670420182572e-01
-9.176014177015625606e-01
-1.032756022020039133e+00
-3.117658895901187055e+00
-3.290257867935697522e+00
-6.848411062597943300e-01
-9.614136896647365038e-01
-1.498675811248504131e+00
-1.356356951952113921e+00
-9.926638089605607229e-01
-1.431462045231989944e+00
-1.794548288865555952e+00
-1.570432076182236347e+00
