-7.063720833743601935e-01
-9.616910438430873453e-01
-5.105856629764192745e-01
6.713666791252674848e-01
-2.367081019022088118e+00
-1.691808069711426388e+00
-1.177728912781226711e+00
-4.411881362116162886e-01
-5.776315725123006839e-01
-2.108679416973836818e-01
-2.705400291099332222e+00
-2.757509433339683902e+00
-1.140530899643579898e+00
-1.141388226460146260e+00
-3.009183672801771348e+00
-1.461163832551179764e+00
-2.155421174606420021e+00
-1.777218132249379634e+00
-1.152379484763725426e+00
-9.057297128068434455e-01
