-6.630486700895553698e-01
-5.680427236065788144e-01
-6.514758472727848471e-01
1.039970183500052547e+00
-5.108256237659907217e-01
-4.368819106119786966e+00
-1.821501195826165986e+00
-2.139580771267362458e+00
-3.986683127447776975e+00
-4.183554613066974071e+00
-3.866169559947493450e+00
-1.578649903327335347e+00
-1.736684220191005101e+00
-4.142317166479735135e+00
-2.487936372633467119e+00
-4.623078683112757048e+00
-2.628010220819974041e+00
-2.084571864287420695e+00
-1.175205733646696560e+00
-2.438455300775367096e+00
-2.267374501254234342e+00
