-7.033500515534990560e-01
-9.826991910787826745e-01
-4.233567552438396997e-01
8.360951937596642347e-01
-2.611821600033977120e+00
-1.539603787811915314e+00
-9.187721012803455600e-02
-2.574782040437386232e+00
-3.699732862356866492e-01
-1.106471970123191984e+00
-3.105992878922674727e+00
-2.680204345162854995e+00
-7.326716562546282674e-01
-7.869310792620817230e-01
-1.440463459761482046e+00
-1.589235297859427076e+00
-8.112542376074058925e-01
-1.353065617729942272e+00
-2.014394629649661539e+00
-1.350621437370659317e+00
