-7.034349091659272135e-01
-9.827568596168982928e-01
-4.233268920251719858e-01
8.360520880976495262e-01
-2.612034624537362237e+00
-1.539908648245717382e+00
-9.230477786158197695e-02
-2.566747602262111183e+00
-3.694828353789023634e-01
-1.106969365177156606e+00
-3.099426948447248975e+00
-2.685694802393091773e+00
-7.325580783279318497e-01
-7.868916775562005972e-01
-1.439793922829506689e+00
-1.589242409901105768e+00
-8.113075449501684355e-01
-1.352516926375559203e+00
-2.014790000950545057e+00
-1.349994803948477928e+00
