-7.251443675599092975e-01
-8.626678092999428005e-01
-4.099598146380761809e-01
6.934499499697782676e-01
-2.140046907352766148e+00
-1.145804649557807586e+00
-1.213089428697140093e+00
-7.451620456837062534e-01
-3.268881788538973709e-01
-1.669449535133136431e+00
-3.745926722126334596e+00
-3.079558032073273832e+00
-9.142976246346408153e-01
-9.480006683989846694e-01
-8.227249400346425823e-01
-1.329610350750856762e+00
-3.355768635754353468e+00
-1.587336303829246953e+00
-1.190669600225332525e+00
-8.785494522015513397e-01
