-7.396958127042023712e-01
-8.391060219697872302e-01
-4.675578916249752415e-01
7.846137383962072942e-01
-2.670537897128056226e+00
-5.052206018655045483e-01
-1.009013404446698070e+00
-1.843916557489249763e+00
-9.772972205865934070e-01
-6.225070080575986209e-01
-7.699719246415674512e+00
-2.703900397306552517e+00
-6.670373792722192885e-01
-1.088908804690368104e+00
7.170203033371841395e-02
-1.922358334767511945e+00
-3.873987787180669162e+00
-1.681330942901292591e+00
-2.250249300118587925e+00
-2.721701715705864277e+00
-1.379080738523275285e+00
1.396428804320958006e-01
