-6.786025569919867939e-01
-1.154206610641954178e+00
-3.747976678470126832e-01
6.873508091108003759e-01
-3.545391828667514122e+00
-1.518566338947137551e+00
-1.315468537959318596e+01
-8.435476061487293675e-01
-1.054119370331281669e+00
-2.335076510827959417e+00
-1.176627330060689758e+01
-1.567799225735946544e+00
-4.538581095845203861e-01
-7.402756210893999267e-01
-1.801125566633330566e+00
-2.672452336572462769e-02
-2.942010859960821900e+00
-1.596887035816380251e+00
1.701448214852774976e+00
-2.001669967166033182e+00
-1.390043067187957337e+00
-1.121915322686787508e+00
