-6.743888785831849697e-01
-7.221938810597502423e-01
-6.358059690416955068e-01
7.232482224943428406e-01
-3.799845604476796534e+00
-1.804826732381688004e+00
-1.770456421889682330e+00
-3.394223905703383504e-01
-1.424308375011917871e+00
-1.627660407878354754e+00
-3.494859796480326519e+00
-2.894513817738415540e+00
-8.382651079416496565e-01
-1.112449247453075163e+00
-1.626226277578313173e+00
-1.610962719504846596e+00
-7.046169705963108987e-01
-1.369005302908543609e+00
-1.839727756760984656e+00
-2.103484040459836280e+00
