-5.985263238632936300e-01
-5.986684458997277858e-01
-6.299791146100832684e-01
6.938995729288442993e-01
-2.266998652411988946e+00
-5.108256237659907217e-01
-1.316536690983266755e+00
-5.682282379444051346e-01
-1.015377544093758688e+00
-1.540897972288073792e+00
-2.862762548490540571e+00
-3.126505931193309440e+00
-5.549917402995424576e-01
-6.480281195016495133e-01
-1.259014840571000660e+00
-1.174930366483762922e+00
-3.264150187912645773e+00
-1.381056111746521653e+00
-1.461676599006333843e+00
-1.132776968698742781e+00
-1.106276870568982051e+00
-9.439694801679636704e-01
