-5.729194732095019837e-01
-8.732568316074427184e-01
-5.243844385551377218e-01
5.584604401790844719e-01
-1.876639557178587214e+00
-5.108256237659907217e-01
-2.107731232030077617e+00
-7.979879737704889120e-01
-1.200452456870025220e+00
-8.256331204502230792e-01
-3.273682675927277241e+00
-2.648168370034692298e+00
-8.256331204502218579e-01
-4.605170185988090914e+00
-1.314819503361714936e+00
-1.038384173552965084e+00
-2.385514969918711259e+00
-1.067726880026524494e+00
-1.408135743762684244e+00
-1.550731991567528167e+00
-1.039912294321549746e+00
-9.205982435565069899e-01
