-6.785839407827883862e-01
-7.451335898727183826e-01
-6.008682176265489616e-01
5.397278653697901163e-01
-1.611399005801339657e+00
-1.864075173042993638e+00
-6.336567026009070069e-01
-5.996544861173417340e-01
-1.303924600910029707e-01
-6.997867238065919038e-01
-4.576295348202963353e+00
-2.573916367871835309e+00
-4.425830682350255230e-01
-4.202845743982189242e-01
-7.765077435441235520e-01
-6.054831530575790488e-01
-5.792655639002273205e-01
-7.328239192003052072e-01
-1.607408433286602989e+00
-1.062562866664412020e+00
