-6.367303572910935072e-01
-7.453109750301780689e-01
-6.160308082050497402e-01
2.481653904266943322e-01
-1.951321326998470829e+00
-5.108256237659907217e-01
-4.195064632878581889e+00
-8.146734673579884012e-01
-1.806410046346185627e+00
-2.688470258602748242e+00
-5.210016222175248402e+00
-4.187105172479014925e+00
-1.600910469355649735e+00
-1.848324690318347674e+00
-1.381838579941675027e+00
-1.656861537870152778e+00
-2.828343063070094754e+00
-2.149878943140331788e+00
-2.595324138096339439e+00
-1.626443057608941478e+00
-1.702369994163383415e+00
-5.378058129117038177e-01
