-6.646094853156337967e-01
-7.623931891272929251e-01
-6.358293568510053895e-01
4.490620856869941280e-01
-2.015738426321248777e+00
-6.535732528373608963e-01
-2.186626508125950608e+00
-6.821345454602402159e-01
-6.099844411650887643e-01
-2.696511711169747194e+00
-3.429358427801223907e+00
-4.274319081019429589e+00
-4.862196338037895194e-01
-2.394751411179222578e-01
-3.027894870432192409e+00
-1.416020415066050253e+00
-3.244008758023675387e+00
-1.479056412999597558e+00
1.503538594284089813e-01
-1.062510172248749774e+00
-6.830896507324143441e-01
1.716128308090135723e-01
