-6.356258516072575970e-01
-6.723905041152989925e-01
-6.139762164831302771e-01
4.141425211666374118e-01
-1.494200438803044539e+00
-7.496054757494926557e-01
-3.769171990713597875e-01
-6.716728928380100161e-02
-4.338055265195489563e-01
-1.074989042696011809e+00
-1.276053382168209716e+01
-1.265077790323979379e+01
-3.295194084114923538e-01
-1.736263149519268190e-01
-8.446264569235502062e-01
5.656571629541469193e-01
3.092945069944852965e-01
-9.267976581834342920e-01
-1.288697003379582151e+00
-1.174295388400941720e+00
-7.481312028021784855e-01
-7.180100195987481060e-01
