-6.514840338089545879e-01
-8.567397051807256192e-01
-5.249018108410321570e-01
5.503165513417331844e-01
-2.089480193680568476e+00
-1.580160189686476313e+00
-1.875345277196060811e+00
-3.601033576396496794e-01
-5.179061100540920393e-01
-1.951432649594591728e+00
-3.130864136879312642e+00
-7.510721346460467629e+00
-2.772863003662688341e-01
-6.914108178354949619e-01
-9.984876342943053151e-01
-1.187821100376027728e+00
-2.518572888554828637e+00
-1.213096026613665224e+00
-1.894218377170116208e+00
-1.255928485070801681e+00
-1.099877111978219801e+00
-1.138715449209139807e+00
