-7.152345053698633270e-01
-7.889921182238573971e-01
-5.105661114811750334e-01
6.210559144066282178e-01
-2.481154063854247749e+00
-2.097382514152542399e+00
-1.099624902044446095e+01
-1.231014215871488182e-01
-3.596193000688050923e+00
-2.183903718034256425e+00
-3.919995424706109954e+00
-3.319882983593075210e+00
-4.120508513535394157e-01
-1.680243122758576513e-01
-4.573656666798537884e+00
-2.893437562984233491e-01
-9.350661692071469133e+00
-5.923890485433827013e-01
-5.763475041547707622e-01
-6.045219860346682239e-01
-1.143144246906003664e-01
-4.917534600792548005e-01
