-7.658332099550747563e-01
-5.930857255737610467e-01
-7.436602298393277799e-01
1.165140023396902258e+00
-5.108256237659907217e-01
-1.363987375565238835e+01
-1.673914353911750252e+00
-1.033353134460130107e+01
-3.000408055358261716e+00
-4.775695904751513510e+00
-2.749982425195989677e+00
-2.151980661547399531e+00
-2.210789447239360328e+00
-6.284503947120295031e+00
-2.244934342985992703e+00
-4.138095508054722593e+00
-2.773153987011727217e+00
-2.175386692165711455e+00
-2.264500447163516839e+00
-2.886711676524062575e+00
-2.336204016430047936e+00
