-6.780767908408432687e-01
-8.066065138667658507e-01
-4.840075755085884168e-01
6.105248807613415929e-01
-1.896901718902351597e+00
-1.232317973229851704e+00
-1.742646017025869298e+01
-4.537537644740881060e-01
-3.646983297190297790e+00
-2.844175429308567260e+00
-5.617723186889944653e-01
-7.027099840591656266e-01
-3.207434291154419581e-01
-2.564871952379269016e-01
-1.657406535494369448e+00
-1.277112836502351634e+00
-1.401340790657542890e+01
-1.115725636727722847e+00
-1.852278272632752243e+00
-2.020617548144135522e+00
-1.024139044472784255e+00
1.490480955788420769e-01
