-7.257658833131075404e-01
-1.093203925496202045e+00
-4.780312288301939438e-01
4.091213878372316204e-01
-1.891055316766877104e+00
-1.238253793828032689e+00
-7.413907236104176901e-01
-1.384658271000093421e+00
-1.142610214565049187e+00
-1.019507531286171442e+00
-3.246064194103014611e+00
-3.654278424683768733e+00
-5.006990573485506912e-01
-9.711052782027652652e-01
-1.154613502281436554e+00
-9.652938056453342908e-01
-3.484263981297836210e+00
-9.956660616537762465e-01
-1.329130313811916597e+00
-9.766483642893957207e-01
-1.112640526131209784e+00
-7.235872113496593094e-01
