-6.971001994637289201e-01
-7.199186117595683942e-01
-5.378061520865834444e-01
4.323569568218151860e-01
-1.541387447259997101e+00
-8.573499004826616865e-01
-1.145337051855390476e+00
-6.214114527650740349e-01
-1.101326159327391085e+00
-4.579483729932996017e-01
-6.852981175982873374e+00
-2.146537445174975911e+00
-1.456118205408026167e+00
-7.063840869439864667e-01
-2.430300790654012388e+00
-7.356924742950005092e-01
-2.166580289910983392e+00
-1.481544880909166473e+00
-8.420177755506208506e-01
-8.824618495393869999e-01
