-6.511512463042893328e-01
-8.225022086588623660e-01
-6.212557706112754596e-01
6.763759400686770729e-01
-2.230145780632699637e+00
-5.108256237659907217e-01
-1.256718017976897750e+00
-5.599000078749458709e-01
-7.442882738065957904e-01
-7.819920238453650363e-01
-2.429632470349801565e+00
-3.477850667365174342e+00
-7.138014857014429726e-01
-6.536602572677803202e-01
-1.040590311614449481e+00
-8.890632506971526405e-01
-2.448640435127720227e+00
-9.866101981339052696e-01
-2.028690268257171692e+00
-1.395052391880234888e+00
-1.210339657714328165e+00
-8.042790211538831668e-01
