-6.056182293322246446e-01
-6.766467341644772926e-01
-6.287067257672553922e-01
7.118908505610609394e-01
-2.489980944961103226e+00
-1.952418567173324737e+00
-1.234747369423576213e+00
-3.944626847217728716e-01
-7.842513565388521402e-01
-1.549105305776747654e+00
-2.997732618329690180e+00
-3.943620803359772609e+00
-8.300961497795129596e-01
-1.135970459526024934e+00
-1.445895970154215560e+00
-1.323023136940438826e+00
-2.865356835079670095e+00
-1.379277299226070674e+00
-1.835386122945563470e+00
-1.605535590046598182e+00
-1.090508476295956264e+00
-9.757797148473674742e-01
