-6.979452172606968041e-01
-8.338049699499895384e-01
-5.677701573428561854e-01
5.928711218326857546e-01
-2.180499664242599334e+00
-1.723512102898903553e+00
-7.078826188700535482e-01
-2.531981033787760738e-01
-7.924080105373586536e-01
-9.410477899040637917e-01
-2.528938642607761800e+00
-3.717646892238453127e+00
-4.797381611185973505e-01
-8.265818367598527505e-01
-1.042791639755537014e+00
-9.723466212931030084e-01
-2.747318271367269027e+00
-1.331772309248021369e+00
-1.550611008195287299e+00
-1.013736721422591858e+00
