-6.796934950121485963e-01
-8.388067232366520631e-01
-5.236128898940266563e-01
6.585312028948894225e-01
-2.533154718591273724e+00
-1.512063265253333011e+00
-1.458610612477489132e+00
-9.052259161284582634e-01
-8.194973434328368667e-01
-6.587029214686432876e-01
-3.000676531550865000e+00
-3.389940385050193239e+00
-1.421757977688231644e+00
-1.109801613105479312e+00
-3.242620301220539236e+00
-1.641544690599747947e+00
-2.116639647068673913e+00
-1.948813252775992932e+00
-1.416375844162408137e+00
-1.149934648690914107e+00
