4.660000000000000000e+02
2.992352939405195644e-01
1.935468015637173744e+00
2.478030290595129304e-01
0.000000000000000000e+00
2.181542613078822357e-01
2.385120534568377915e-01
2.449699416870176061e-01
2.438989902114125641e-01
2.034625726805296131e-01
2.495780912031179966e-01
3.233701097737468055e-01
2.192048755475635158e-01
2.723218910301314355e-01
2.114099654107489679e-01
2.235990046974231371e-01
3.509493803757359198e-01
2.526883075243063770e-01
2.126061672569560246e-01
2.435000000000000142e+01
2.435000000000000142e+01
1.257500000000000000e+02
1.090999999999999943e+02
2.051500000000000057e+02
2.086500000000000057e+02
2.187500000000000000e+02
1.987500000000000000e+02
2.055000000000000000e+02
2.192500000000000000e+02
2.188000000000000114e+02
2.282500000000000000e+02
2.092500000000000000e+02
1.977500000000000000e+02
2.300500000000000114e+02
2.455500000000000114e+02
7.597348322371249019e-01
0.000000000000000000e+00
2.241513094570308340e+01
1.443762847855241738e+01
5.831486361751553105e+00
4.899302056462028432e+00
3.589846492119335153e+01
4.126804453748256662e+01
2.959482255382494742e+01
1.831094756881082830e+01
5.701471697695296825e+00
1.559905023856383011e+01
7.992041052949512725e+00
2.104925873589478158e+01
3.228647085837435782e+01
2.679051939394650361e+01
6.236327963238669919e-02
7.982774034180106781e-01
3.725094443792715815e-01
2.615832896192292201e-01
5.777153478487173643e-02
4.804481067259459143e-02
4.013596842727150116e-01
4.071904298697666680e-01
2.183558411891371176e-01
1.892000551302145117e-01
4.770077728982769633e-02
1.611437490826008734e-01
8.524536006488400708e-02
1.500256667688545653e-01
2.770582336704613402e-01
2.572309722509568131e-01
4.916165347885371517e+01
0.000000000000000000e+00
2.758292328506757940e+02
2.314064891948061131e+02
4.120525063237516292e+02
4.180976506955411764e+02
4.395999150216140379e+02
4.060783814542358527e+02
4.191322243050261704e+02
4.415087865612381393e+02
4.389135239063400604e+02
4.578879748296328103e+02
4.192924965165991580e+02
3.997852444925908344e+02
4.611735260765545945e+02
4.898713221307241383e+02
