-6.104621380756175553e-01
-6.960999916692716116e-01
-6.152311868299275011e-01
5.982503478261610441e-01
-1.993502572181197419e+00
-2.068237912474266693e+00
-1.130593317286570532e+00
-5.349927995665366698e-01
-4.904405003314674105e-01
-1.045246705373577001e+00
-3.689947427005090930e+00
-2.930598942841896370e+00
-5.252237238595690583e-01
-5.505380252896182602e-01
-1.214770732683394527e+00
-1.325589749233651249e+00
-2.610614961477730755e+00
-1.636063110242779395e+00
-1.900465162155497989e+00
-8.551666343157311445e-01
-1.083894988353853339e+00
-8.385188137673865727e-01
