-6.031019666585535344e-01
-7.982601460674815241e-01
-5.838929312635317004e-01
5.047982386389739951e-01
-2.130232601272490811e+00
-1.283736845382935643e+00
-1.276477562764092744e+00
-1.027317274499533806e+00
-1.246888405009284551e+00
-3.488133420537343765e-01
-3.039152539358920713e+00
-3.078487937720329359e+00
-1.313305013648412123e+00
-1.357181071017939056e+00
-2.459512485375061619e+00
-1.438180855611459474e+00
-1.242370751765736303e+00
-1.866623336082983364e+00
-1.018813036993329035e+00
-9.956068382647373927e-01
