-7.389046469260165395e-01
-7.847035402311298702e-01
-6.457187585950677766e-01
4.256727014407710730e-01
-2.143991190541236325e+00
-5.108256237659907217e-01
-2.156613906684656801e+00
-3.165575225164500850e-01
-1.177017492473234173e+00
-1.582216577342800079e+00
-3.196754298847319653e+00
-2.171371668214261419e+00
-5.531658070057693388e-01
-3.064209698719645436e-01
-1.465666490840902947e+00
-7.698181998278625926e-01
-2.773150846285805216e+00
-1.060950003084791815e+00
-1.243152424459239125e+00
-1.644758977917889498e+00
-8.741077539416828301e-01
-8.118565044624185267e-01
