-6.977306191902851173e-01
-7.802542599464828976e-01
-5.559313540969971212e-01
5.135192651916209439e-01
-2.200405877392983989e+00
-8.878718160474168286e-01
-1.853110561559723424e+00
1.493677771103562313e-01
-1.099096995828632517e+00
-2.518872613425648943e+00
-3.153029127429839651e+00
-4.947624397874943014e+00
-6.000843415546772697e-01
-4.862344365045367239e-02
-1.589230946605088679e+00
-1.187325929663501256e+00
-2.690987562212505235e+00
4.087897997621590257e-02
-2.076656608105305946e+00
-1.682887557672642087e+00
-1.021926135006181013e+00
-1.032916919388019661e+00
