-7.142389623743329308e-01
-9.309162924132351469e-01
-4.864924443518178210e-01
5.297208212460837728e-01
-2.163098598074240542e+00
-6.692451249986562933e-01
-2.211554739769911571e+00
-1.020788254637152032e-01
-1.970568302540562089e-01
-6.597743029319866004e+00
-8.727818069911043253e+00
-2.844139367385580375e+00
-3.354875116747865760e-01
-2.145998997965448407e-01
-1.730113394122879233e+00
5.702477581004126161e-01
-4.302754594162839119e+00
-1.556857972313095750e+00
-2.263997977866472944e+00
-1.051125440310845871e+00
-1.190289723569302405e+00
4.472516248908357528e-01
