-7.360895302593436496e-01
-7.495403168285482698e-01
-3.804373484932103699e-01
7.419832617387255302e-01
-2.449493122771950748e+00
-1.341859411675251579e+00
-1.197300527903857104e+00
-1.329605391063893416e+00
-7.174085258693500000e-01
-1.394581430878225836e+00
-4.015641167261038369e+00
-2.722250638323519656e+00
-4.696390944562733316e-01
-6.777250521553026541e-01
-1.508742133089238990e+00
-1.239295079674914035e+00
-2.505324527927597966e+00
-1.135982145777989283e+00
-1.854373675923669973e+00
-1.813141905275112542e+00
-1.142231890900240243e+00
-7.966193313538185716e-01
