-7.390895977071934020e-01
-9.842751108677367800e-01
-4.973698989434161000e-01
5.660941675383412974e-01
-2.267412239779023508e+00
-9.490633655096749610e-01
-2.087714390811052922e+00
-9.569026909212655641e-01
-2.165319254071064847e+00
-1.364476055629907814e+00
-8.169470324853168597e-01
-3.384963639853143524e-01
-7.322309409319456286e-01
-9.865698415203738580e-01
-1.094994582312298625e+01
-1.228166580903527372e+00
-2.984000498263090329e+00
-1.490419277845888457e+00
1.727475013298731543e-01
-9.838561586757301747e-01
-1.180873864942472595e+00
-1.084978827063496798e+00
