-6.675498963660270180e-01
-9.646053722297680544e-01
-4.785645778980655574e-01
8.923912614316723557e-01
-6.144172652414352953e+00
-2.624382366336551975e+00
-5.401690501678013590e+01
-2.899921842384574622e-01
-4.605583613144600008e+01
-5.569675947189156595e-01
-2.107617915206348158e+01
-2.715534178992826497e+01
-6.910483019314410669e-01
-9.739994751099478876e-01
-1.138446099851959881e+00
-9.181720329670486347e-01
-1.438392725840630160e+00
-1.013912734443794594e+00
-2.082885321973846793e+00
-1.856198299015513697e+00
-1.553477287278137275e+00
-1.082249354175569556e+00
