-6.941521032855800799e-01
-8.332087450552876362e-01
-5.509338155218954647e-01
5.886187078020980179e-01
-2.860741704501116978e+00
-2.524987361433057576e+00
-2.370331023404217863e+00
-8.814556644452988809e-01
-1.015774564888008769e+00
-1.102040333687648310e+00
-1.223868489988107378e+01
-3.281692671970655173e+00
-9.690623786919234650e-01
-9.914322932349431960e-01
-1.580543076405392933e+00
8.256066329294828310e-02
-8.134396625081682375e-01
-1.681175308997195250e+00
-2.311578748797455951e+00
-2.438663085624301452e+00
