-6.651496169652687529e-01
-7.686002605878300420e-01
-6.434280465494139900e-01
5.730217034589605296e-01
-2.169586295127017284e+00
-1.681728403111585557e+00
-1.345727399580417538e+00
-8.471873502524819299e-01
-7.166899372361764664e-01
-1.082933577533589764e+00
-3.133849948110605244e+00
-3.975562543021688544e+00
-9.664216713827256111e-01
-7.956592176248638015e-01
-1.308291970152611450e+00
-1.364749822876825558e+00
-2.575690700744835748e+00
-1.351981824343248650e+00
-2.184070184172639539e+00
-1.605345741635135770e+00
-6.275669288213795438e-01
-8.741094205534192252e-01
