-6.319564568738502697e-01
-6.691504522143035816e-01
-6.319104285058096959e-01
4.689536388251220322e-01
-1.522371012438027638e+00
-1.561867838151918653e+00
-5.331671610182209253e-01
2.353072677839572815e-02
-1.088628731275317618e-01
-1.086737328353437837e+00
-3.189342538228689516e+00
-3.325963785185792165e+00
-2.587526481178891724e-01
-1.167667241282765583e-01
-9.256811038591218344e-01
-8.492293842449075703e-01
-1.929239057763014520e+00
-1.129415476171992783e+00
-1.175273964312723241e+00
-1.105781031797681946e+00
-7.548990106391858523e-01
-5.943831261468074389e-01
