1.670000000000000000e+02
2.178647378861801598e-01
1.805874085056448530e+00
1.758918612983757235e-01
0.000000000000000000e+00
1.560319824335016370e-01
1.619203669021310465e-01
1.617248536952026194e-01
1.535336129596931165e-01
1.444809166844394643e-01
1.001435450265853455e-01
1.993320646676240149e-01
7.458580340630451000e-02
1.909521783798142358e-01
1.735094592601972574e-01
1.197979969925426075e-01
1.452375982406386712e-01
2.051905766575162771e-01
1.104190513586745803e-01
2.644999999999999929e+01
2.644999999999999929e+01
7.690000000000000568e+01
6.804999999999999716e+01
1.009000000000000057e+02
1.007000000000000028e+02
9.109999999999999432e+01
1.065999999999999943e+02
9.815000000000000568e+01
1.099500000000000028e+02
1.005999999999999943e+02
1.012500000000000000e+02
9.670000000000000284e+01
9.420000000000000284e+01
1.008499999999999943e+02
1.093499999999999943e+02
2.495652009790383374e+00
0.000000000000000000e+00
1.913600812236087734e+01
6.491361225036193616e+00
1.357039419568762805e-04
1.412399461254093769e+00
9.316890627509849310e+00
4.697187625079629925e+01
8.314207950219779875e+00
4.210441228062568264e+00
2.615540343844859006e+00
1.064667179558440679e+01
3.175241099148677471e+00
7.940560629657730018e+00
1.122789201157280914e+01
1.002321995637622898e+01
2.416389453545745858e-01
3.452962604487177511e-01
7.464397759243489583e-01
2.933598725952197839e-01
4.257159516722807707e-06
4.638203117275216392e-02
3.551086993887723753e-01
2.053595008877185712e+00
2.151796651213577494e-01
2.590097793879089227e-01
6.840588338444339445e-02
3.010008875282396690e-01
1.367110980568665424e-01
2.871210992371843740e-01
2.724784168331047529e-01
4.153669387737537466e-01
5.871801311326193229e+01
0.000000000000000000e+00
1.643020364839788954e+02
1.366575371000900248e+02
1.971041520040591308e+02
1.983372603141488639e+02
1.815930391765830052e+02
2.284021284792092956e+02
1.938395934049415246e+02
2.179491981136275740e+02
2.002365483752952287e+02
2.038557350092730758e+02
1.938757000441058835e+02
1.904175616673090872e+02
2.008208068928050238e+02
2.185401935819858750e+02
