-6.450141788112945251e-01
-9.168736141140108042e-01
-6.341941441782747990e-01
4.378288203907555465e-01
-2.252942907854562193e+00
-5.108256237659907217e-01
-1.000922015071424198e+01
-8.622165089999085652e-02
-1.046588004084094026e+00
-1.119650951607578104e+00
-2.488633436434966928e+00
-3.550941287959670234e+00
-8.093701099256747078e-01
-7.667720240591561209e-01
-4.405293876083610449e+00
-1.276907201168159034e+00
-4.462248410056331771e+00
-1.298094540710901246e+00
-8.302086791537763855e-01
-5.431435833882448938e-02
-8.483377854484495106e-01
-1.887929764553288869e-01
