-6.468049021893130801e-01
-7.352540056220554510e-01
-5.966144193273115182e-01
6.382269092909517161e-01
-2.985430535456709666e+00
-1.683346039432447983e+00
-1.510261357239054858e+00
-1.302017429884134492e+00
-9.976560324447819594e-01
-1.443257903302104905e+00
-3.359819017262466012e+00
-2.978885328528897869e+00
-1.499287489863619927e+00
5.828844661109318093e-01
-1.360350084272393012e+00
-1.769849719765717033e+00
-1.164985647809775759e+00
-1.691000675582652324e+00
-1.435984850599587803e+00
-2.132486360181629070e+00
