-6.556542981664831293e-01
-9.248286151484258477e-01
-4.105206433876995020e-01
7.133021700687461886e-01
-2.569802333076630418e+00
-1.604898093931978131e+00
-6.996571765845395197e-01
-1.219343543604215929e+00
-3.117601266856475650e-01
-1.424940047340050198e+00
-4.326853434001424858e+00
-4.430608523066085880e+00
-6.324451141063218707e-01
-1.240942840519307699e+00
-8.528268495085904455e-01
-1.312254238286271635e+00
-3.198366412401023595e+00
-1.353931015949425110e+00
-1.241393976900052820e+00
-5.604256459919292332e-01
