-6.300988348105692749e-01
-7.444141485651475376e-01
-6.417738426220086501e-01
3.133772621014102033e-01
-1.775862697406243473e+00
8.576175766131337308e-02
-1.351122102132995106e+00
-1.973135327958696728e+00
-2.948839206706904914e+00
-1.944222247785155844e+00
-4.411534962966554119e+00
-4.622523917017120176e+00
-1.719549936002744861e+00
-2.206082507064137666e+00
-1.452712868716341532e+00
-2.151880837599987384e+00
-3.514006982510188060e+00
-2.890761195843634557e+00
-2.983298969117445854e+00
-1.881113272121485158e+00
-1.681956922612062977e+00
-7.661603230104636619e-01
