-7.136288117840333678e-01
-9.615721427705294921e-01
-3.560625444105939841e-01
5.616995144741447898e-01
-2.734651305735607885e+00
-8.212354952420390930e-01
-2.850681998136940365e+01
-3.759407941842515255e-01
-2.460489837581279815e+01
-1.721168183598544843e+00
-7.624135815212375045e-01
-7.742108586033769058e-01
-1.832775885614648104e-01
-7.524161261914848187e-02
-1.251614753172432692e+01
-1.390373383710312494e+00
-1.427223870981498699e+01
-1.260327718629269622e+00
-1.591645093256000676e+00
1.372739322674197404e-01
-1.475423940071315165e+00
1.318308295139306308e-01
