-7.842522829221851843e-01
-6.829311749664919162e-01
-6.221644616063084499e-01
9.689735291018721774e-01
-5.108256237659907217e-01
-3.665816750886544462e+00
-2.319441407510097974e+00
-2.991602078797063413e+00
-2.334954274157738929e+00
-1.354067246427784887e+01
-3.957466912429226102e+00
-1.970502707034275991e+00
-2.357701143011934786e+00
-1.664460404128924820e+00
-2.572553777726566349e+00
-5.376803639106328525e+00
-2.511743852036766089e+00
-3.517519925807053305e+00
-3.471683968718175972e+00
-2.464058836851616530e+00
-1.478715608486359079e+00
