-6.553546631015944035e-01
-8.418794354951378844e-01
-5.171401294913262614e-01
4.796632922738148785e-01
-2.002158150356703636e+00
-8.666469757068688828e-01
-1.131839449423227117e+00
-4.328028095574149026e-01
-1.087849964257516344e+00
-3.792257785383650326e+00
-3.598595566050126759e+00
-3.682373001125945677e+00
-7.814116704787362755e-01
-3.547874632876059087e-01
-2.907653514399792360e+00
-3.792661587365231401e-01
-2.449450894467608997e+00
-1.347107536781766424e+00
-9.020088385675787412e-01
3.239745281610376670e-01
-1.158535852967762958e+00
-1.230870340794225415e+00
