-6.515044341558297036e-01
-8.565781769356572983e-01
-5.251279562744781693e-01
5.502447070680148711e-01
-2.089394914888696775e+00
-1.582679684033479139e+00
-1.877417058530779448e+00
-3.609507057341728165e-01
-5.183027263367249171e-01
-1.951097341343093650e+00
-3.126685306575745837e+00
-7.214429889708667609e+00
-2.768799117661166487e-01
-6.911746501596047754e-01
-9.984770667963780433e-01
-1.188132668837278416e+00
-2.518767300408382592e+00
-1.213203277368560817e+00
-1.893820179888105359e+00
-1.255773092814525649e+00
-1.099266576493288516e+00
-1.137918174609634070e+00
