-7.429559035477688589e-01
-7.731056241125355832e-01
-6.455446475435492326e-01
3.990235964905128885e-01
-2.064723627215472312e+00
-1.008735065002020814e+00
-1.988310207984221201e+00
-4.052852888031904244e-01
-1.361075472585288715e+00
-1.411698103574726471e+00
-2.187419348878995695e+00
-1.166722497340257902e+01
-5.904920548844088124e-01
-4.474430447623233831e-01
-1.530134160472860660e+00
-9.049827428244869854e-01
-4.868748776613794349e-01
-9.186305290279422886e-01
-1.362887403152574173e+00
-1.822315049460622394e+00
-9.516935374271182635e-01
-9.792851601283136809e-01
