-6.689574457795666174e-01
-7.765564804317620640e-01
-4.896356461588489695e-01
3.216909868904337944e-01
-3.628828813873746562e+00
-1.899113155100749850e+00
-1.861207819183563927e+01
-6.424604961005362380e-01
-1.487948528139296300e+01
-1.181446783500824216e+00
-1.752107129343527747e+00
-1.545547182520861762e+00
-1.146925134445951011e+00
-5.687742145213144918e-01
-2.443277301725359063e+00
-1.453671212390062140e+00
-1.309724046374565987e+01
-1.241098447148041739e+00
-1.840498619879628484e+00
-2.879586122435436213e+00
-9.957545899655962929e-01
1.403187560667569445e+00
