-7.136605647309158806e-01
-7.808208212966507578e-01
-5.171161641772002993e-01
6.285516626844123156e-01
-2.457649490637516809e+00
-9.088306582296107328e-01
-3.851067474983003169e+00
-2.404486942072639466e-01
-2.200988228703154359e+00
-2.033987153949741167e+00
-1.562413179881686265e+00
-4.257197664895548961e+00
-1.736374916213470898e-01
-2.803837852184160595e-01
-4.622133530567424486e+00
-1.289009182215549831e+00
-7.253804161047125554e+00
-5.311871820994018556e-01
-1.069766642974355308e+00
-3.593523756311862161e-01
-9.175926354205968249e-02
-6.531730990543156423e-01
