-6.725262011517101346e-01
-1.149188552830300525e+00
-3.782873390873724428e-01
6.643999477702164924e-01
-3.435474595790771968e+00
-5.108256237659907217e-01
-1.334927509098602982e+01
-8.629274818897177957e-01
-1.370074778381413116e+00
-1.879807739143941170e+00
-1.255289538281727424e+01
-1.244092657170134508e+00
-2.450682979079239210e-01
-9.218955878299646134e-01
-1.750102799131434184e+00
-4.683930299109332895e-01
-2.958378889132160516e+00
-1.500651966611159072e+00
1.561501199526511119e+00
-2.026844897028123427e+00
-1.312878244483742574e+00
-1.074013743971584445e+00
