-6.665293804140862699e-01
-8.103022901291909719e-01
-4.918326358777207474e-01
2.267679941434640190e-01
-2.258601426168976634e+00
-3.524413258403483740e-01
-1.306784725688477167e+01
-7.124309021099631822e-01
-2.641968082594582157e+00
-3.235249312160514368e+00
-4.105853269148636020e-01
-3.484002546416606338e-01
-7.489947621837770297e-01
-3.205374534957615706e-01
-1.261457628282527565e+01
-1.619213801117278306e+00
-9.999752984838456982e+00
-1.742013372413983019e+00
2.362775726123286235e-01
-7.248662183971629203e-01
3.481347080143735173e-01
-1.879599180978188899e+00
