-6.799744961634872631e-01
-7.220337717966227586e-01
-5.355328421842023845e-01
6.267824459048982888e-01
-2.702232354387599678e+00
-1.965860829082959338e+00
-1.189010023713606090e+00
-7.279959510663982503e-01
-9.208666928192850154e-01
-1.684281581835771480e+00
-3.180274395632852524e+00
-3.864369242209830357e+00
-7.381889643500699760e-01
-8.664731576728300633e-01
-1.480660811662465548e+00
-1.712880119027391235e+00
-1.038239993259407079e+00
-1.634044620453271035e+00
-2.363891677877623110e+00
-8.143775488171843824e-01
