-6.476250934482573607e-01
-8.512737076411387438e-01
-6.232618590116143498e-01
6.109823686070645632e-01
-3.188180587168928160e+00
-1.389462397376009850e+00
-1.038771560653580117e+00
-1.121025229308064253e+00
-6.553733906373069296e-01
-1.364563668659175333e+00
-3.447385961591251657e+00
-3.117822045995728431e+00
-9.113521508619626399e-01
-8.391023438714659832e-01
-9.955628052872820266e-01
-1.409793182103293629e+00
-1.273766953032136717e+00
-1.474347892004764793e+00
-2.025096528246434158e+00
-1.678839283210209699e+00
