-7.057209664280927885e-01
-1.035061609477456512e+00
-3.751587788250890787e-01
6.272356890051350442e-01
-3.217118650066195240e+00
-1.124420320031371157e+00
-8.980704818305972337e-01
-1.089006091580387192e+00
-6.674563845230072623e-01
-2.197359226652601638e+00
-4.673831477245659727e+00
-4.361083619437850167e+00
-9.794784356076932097e-01
-4.551859445068175414e-01
-1.896982118270652551e+00
-1.488480983179144568e+00
-1.686143493576720997e+00
-1.754828918848269970e+00
-2.319329935144597510e+00
-2.679420891972211116e+00
