-6.356722182637436491e-01
-7.679163444478466216e-01
-6.317011858854275630e-01
2.198231004741539318e-01
-2.109309413375819453e+00
-3.323591720178321607e-01
-4.072158342666519992e+00
-8.082258752886014586e-01
-2.746848645905086705e+00
-2.365473046257348777e+00
-2.903547615685267314e+00
-2.017269064973949533e+00
-1.598443605126761646e+00
-1.866847123777101825e+00
-1.515928759909376700e+00
-1.220444606705088919e+00
-6.043537467492837933e+00
-2.460950774447513201e+00
-3.053116631544082082e+00
-1.677391945299725240e+00
-1.124365508089662624e+00
-5.243265756953231493e-01
