-6.856961668459928827e-01
-8.097041826521221841e-01
-4.995537287729337472e-01
5.190856135662308413e-01
-2.956678823277958834e+00
-5.301534149133553253e-01
-1.439082798766445848e+00
-6.509042495414695262e-01
-1.173047524557305099e+00
-1.399293348492220268e+01
-3.098899018020997431e+00
-1.232875215504535582e+01
-3.732309557844833425e-01
-3.857586045243346362e-01
-1.176214722816759739e+01
-1.822207068436634714e+00
-1.174763418325625608e+01
-2.275423055123473759e+00
-1.837926311343134611e-01
-1.409223167919320785e+00
-1.851032620615264523e+00
-5.531155460708696986e-02
