7.860000000000000000e+02
2.579195836248458495e-01
1.700355906976636078e+00
1.836070153655688098e-01
0.000000000000000000e+00
1.801987943267685521e-01
2.009797441166309706e-01
2.059521520565677222e-01
1.594729746226193068e-01
1.650887065970960133e-01
1.671011783156888253e-01
2.312330232770238025e-01
1.573755574357290909e-01
1.838324005352291735e-01
1.303508700445639990e-01
1.773182509952958286e-01
2.019620495349664646e-01
1.798284063137446098e-01
1.624553912803753664e-01
1.179500000000000028e+02
1.179500000000000028e+02
3.130000000000000000e+02
2.931000000000000227e+02
3.916499999999999773e+02
3.976000000000000227e+02
4.086499999999999773e+02
4.221499999999999773e+02
3.951000000000000227e+02
4.226000000000000227e+02
4.090500000000000114e+02
4.470500000000000114e+02
4.040000000000000000e+02
3.995000000000000000e+02
4.450000000000000000e+02
4.430000000000000000e+02
1.113205002972458857e+01
0.000000000000000000e+00
3.837444464537981048e+01
2.679108742488782369e+01
6.143697477253819095e+00
4.619764431510591685e+00
5.606507723160910928e+01
1.035039842269993926e+02
4.133760928636176857e+01
4.024328701999530722e+01
6.469899836311416408e+00
3.867946178486796782e+01
1.942673717412974810e+01
3.152354369266434730e+01
6.140776355253921537e+01
5.265577211183328643e+01
2.325130063951774684e-01
1.142485866254732141e+00
3.322786333104664203e-01
2.256218352505753866e-01
3.820186934803538464e-02
3.660569302494127292e-02
4.138235048009651362e-01
7.163694994382563408e-01
2.261551070882652226e-01
3.011349382811612796e-01
4.312236910343884844e-02
3.318214783598552042e-01
1.350543932128610292e-01
1.940357662792626114e-01
3.820307727597050396e-01
3.648592017110470764e-01
2.607585917255232744e+02
0.000000000000000000e+00
6.408963630163729022e+02
5.908223627354334440e+02
7.808702426018551250e+02
7.913782358096234475e+02
8.206536494695537840e+02
8.646502442222057425e+02
7.904767470888389198e+02
8.491707347831473953e+02
8.161554522691390048e+02
8.942562706865896871e+02
8.112182448550624940e+02
8.044211359177186296e+02
8.938541038596292765e+02
8.883550045298961777e+02
