-6.544653450201758371e-01
-9.007273867413400081e-01
-4.690658866587446019e-01
7.275456659972742157e-01
-1.456066245961020078e+00
-2.572667903760736507e+00
-1.309159188011635599e+01
2.305424441822141179e-01
-1.689706831293305100e+01
-1.912415771850668023e+00
1.482983556042406087e-02
5.401865542057891073e-02
2.172161942735457152e-01
-5.508852826822834697e-02
-1.506894809728668294e+00
-8.460480770382079463e-01
-2.268238260632312375e+00
-1.228130419424105613e+00
-1.477578128401894508e+00
-1.136314651752353244e+00
-5.041725000417303093e-01
-5.840853826588254805e-01
