-6.790718931113195467e-01
-7.744078466994233079e-01
-4.970856376005728383e-01
7.260999671572455627e-01
-2.098306105351089634e+00
-2.000337669645432914e+00
-1.249682131388579753e+00
-6.635682171765266979e-01
-8.620759748275470813e-02
-1.157969108633517097e+00
-3.130028288917233947e+00
-2.846140096819178122e+00
-5.701028868002927519e-01
-2.434987882312395768e-01
-1.470172715514895367e+00
-7.746020408943937730e-01
-2.707393213499466267e+00
-1.077463467713744905e+00
-1.670995864001801889e+00
-1.468100107542573252e+00
-9.748277780696721351e-01
-6.727096226504003518e-01
