-6.682595106131892226e-01
-8.258497257606548514e-01
-5.665321366975814010e-01
4.352415946837078775e-01
-2.074923748823886083e+00
-5.108256237659907217e-01
-1.627837281875449627e+00
4.684787159120303024e-02
-4.912319118008334207e-01
-2.153752623104565167e+00
-2.568420452084003713e+00
-3.054083083374028007e+00
-6.332990720276689967e-01
-2.816166047195443056e-01
-1.150463963026117531e+00
-1.025816775608337617e+00
-2.794019917368409711e+00
-1.050863080125071347e+00
-1.726764494507326830e+00
-1.850986458485317065e+00
-8.790736407543033870e-01
-1.030532757635784558e+00
