-6.121608030227243535e-01
-7.020642283099620684e-01
-6.136542386010029881e-01
5.785859136380796519e-01
-2.027186880703496730e+00
-5.108256237659907217e-01
-1.415582509421803303e+00
-4.069433758177651850e-01
-4.821936202423720563e-01
-1.018132820991042076e+00
-3.620702761885242538e+00
-2.858447010693821344e+00
-4.345697347558569734e-01
-5.221437484112170235e-01
-1.173074390012176949e+00
-1.256458460480716521e+00
-2.586912669230918560e+00
-1.562799622833262791e+00
-1.846227953359776075e+00
-8.023094319709599409e-01
-1.023960994666248236e+00
-7.890359863982749911e-01
