-6.558330552220951182e-01
-8.031909641810238698e-01
-5.542533760475504279e-01
5.818074453511624666e-01
-2.331648348742164867e+00
-5.108256237659907217e-01
-1.766975422583676680e+00
-8.458315357165122617e-01
-3.166794962735620667e-01
-1.279000820322498511e+00
-1.199739814290769502e+01
-3.009971013411867347e+00
-9.746002040195858029e-01
7.373976639504664643e-01
-1.491049192537176271e+00
-1.229826783888996244e+00
-2.454937423647697514e+00
-1.122523195788388994e+00
-1.922661589714517616e+00
-1.176609107817680799e+00
-1.215232497244553400e+00
-8.152149079727215586e-01
