-6.922740421122999255e-01
-7.987916468340509057e-01
-4.803785013634817025e-01
8.343883631778349352e-01
-2.835316969056239866e+00
-1.255873199046502853e+00
-1.690441788363418629e+00
-1.058718732260759188e+00
-7.407238856106771463e-01
-2.870789474697075239e-01
-3.201375730087717475e+00
-3.385802413143455425e+00
-1.613942151691281079e+00
-1.509829914735007828e+00
-2.508991315162711011e+00
-1.388556186896492850e+00
-2.245625900905815708e+00
-2.164064878390872249e+00
-1.324568384043518732e+00
-1.067760229252141979e+00
