-6.798211761848003132e-01
-7.388114861017602841e-01
-5.215205463556981114e-01
5.386243639154991714e-01
-2.962779475360914461e+00
-1.367639041412134659e+00
-1.885472041128295251e+00
-8.458925742816650883e-01
-6.929173935500376746e-01
-2.463329536977595158e+00
-6.306199352269238112e+00
-3.056261120444543344e+00
-8.389951962928331453e-01
-1.097960859868404304e+00
-1.425672142631797090e+00
-1.783507264361204436e+00
-1.284328158917041662e+00
-1.830388572077881637e+00
-1.636478869736695207e+00
-2.623909042052749108e+00
