-7.055704537879301519e-01
-1.034770858862809062e+00
-3.750767747987259759e-01
6.273235266091423679e-01
-3.217213423387636162e+00
-1.124611875421090090e+00
-8.967064078991293652e-01
-1.090649667534315581e+00
-6.659968784804387587e-01
-2.205474010285730202e+00
-4.666507093291586195e+00
-4.368162612364736574e+00
-9.782647332371716686e-01
-4.552431834279543899e-01
-1.896571183444231590e+00
-1.488257944061504245e+00
-1.686094908287815164e+00
-1.754586985113049336e+00
-2.321031296529081356e+00
-2.676263567237179064e+00
