-6.531024088546476536e-01
-7.800942031302066093e-01
-5.119841249119287951e-01
3.447049428922497882e-01
-3.253234520475359659e+00
-1.409788023093870857e+00
-2.585239401032959794e+00
-9.456853754559456648e-01
-1.524429683519989309e+00
-1.623541350741614764e+00
-8.709128804422878289e+00
-2.333293196622616694e+00
-1.334299029422556959e+00
-6.188234880903840107e-01
-2.061670547291712285e+00
-1.714879369377868779e+00
-1.114393708130747207e+01
-1.698499472918985065e+00
-2.067057451611930663e+00
-2.551220320760274163e+00
-8.341940263205152029e-01
7.161254917370651896e-01
