-6.300314108818936276e-01
-7.443375811562543687e-01
-6.416888542900890391e-01
3.131816485483259749e-01
-1.775959036718653961e+00
8.591861780330604936e-02
-1.350796297386094524e+00
-1.972815451933030095e+00
-2.950269485493246968e+00
-1.943916844290905610e+00
-4.411286910557922880e+00
-4.623040041873213823e+00
-1.719733724676660636e+00
-2.205566886992900155e+00
-1.452642211633481839e+00
-2.151617799048824775e+00
-3.515135742675655539e+00
-2.890884342437686882e+00
-2.984107079476283175e+00
-1.880756288715088820e+00
-1.682451294633340311e+00
-7.660992203443078852e-01
