-6.858964481077669539e-01
-9.323213361086458706e-01
-4.929577095657989849e-01
5.563093911155455595e-01
-2.924223531187463365e+00
-1.682160539715610970e+00
-1.940250060223500661e+00
-5.977623903510179693e-01
-1.416936567421472448e+00
-6.670426715341719603e-01
-2.944781936132404798e+00
-3.113130783486290465e+00
-1.361448853030574169e+00
-1.689413786289196695e+00
-2.622524516957835061e+00
-1.459737366083556642e+00
-1.792275774931663124e+00
-1.393897897841980926e+00
-8.670316562784960990e-01
-1.059645147445101854e+00
