-1.236487885414296467e-01
-5.000000000000000278e-02
-1.953908691186288404e+00
4.868803370674301134e-01
3.047194419249035224e-01
-1.190947661221119835e+00
-4.626525112831590292e+00
-4.367662030342183144e+00
-4.692127787467294198e+00
-4.613256195686203043e+00
-4.983938665792578604e+00
-4.980057422895176167e+00
-3.446895644897075783e+00
-3.574254029313168157e+00
-3.781574137230127697e+00
-3.175243867272806053e+00
-4.063785242973779965e+00
-3.487394162149254129e+00
-4.404441091741176706e+00
-4.098031019880958858e+00
-3.982936894869685496e+00
-3.687006689804887660e+00
