-6.534108073030308050e-01
-8.609753415863632409e-01
-5.256310323314239419e-01
5.434285029072581930e-01
-2.115649635849009336e+00
-5.108256237659907217e-01
-2.560566031036895840e+00
-2.351355281923856178e-01
-5.370840865728985225e-01
-1.921931988108351863e+00
-3.305176159060601915e+00
-3.993572156254045602e+00
-2.278082531090133978e-01
-6.644922336934188101e-01
-9.522296463354757989e-01
-1.141629051351815916e+00
-2.492872539320934333e+00
-1.133586128122335168e+00
-1.790530728488991752e+00
-1.200657508671459484e+00
-1.038668915169152829e+00
-1.063160106851386066e+00
