-6.800969486199833769e-01
-8.667181851400586057e-01
-5.293164856392105211e-01
4.914697263091110657e-01
-2.452815278366448304e+00
-7.643797203769642223e-01
-1.151767762835678965e+01
-5.510482175804085614e-01
-4.098863459656900687e+00
-8.630934493621379433e-01
-7.901607896323745717e-01
-7.519319488827529430e-01
-1.005728934710095945e+00
-1.059763867296541262e+00
-5.938410774617043586e+00
-1.268959508169394290e+00
-3.240676074186597866e+00
-1.596751403013858317e+00
-1.342249148867010966e+00
1.209320318964576951e-01
-1.129871207087100204e+00
1.973367651324261229e-01
