5.900000000000000000e+02
1.858529422035010426e-01
1.773740908645305536e+00
1.443856314304959865e-01
0.000000000000000000e+00
1.255916038012085123e-01
1.472469888121811232e-01
9.999673901197539405e-02
8.417279116462444977e-02
1.470587942358705102e-01
1.174730188513212759e-01
1.158901379882989330e-01
8.970830804261885338e-02
1.482773242257856838e-01
1.028654277282126939e-01
1.060106863276831374e-01
8.931801432118711970e-02
1.039146651751881312e-01
1.235464018003977343e-01
1.020000000000000000e+02
1.020000000000000000e+02
2.763000000000000114e+02
2.543499999999999943e+02
3.504499999999999886e+02
3.498500000000000227e+02
3.368500000000000227e+02
3.398500000000000227e+02
3.641499999999999773e+02
3.706499999999999773e+02
3.531000000000000227e+02
3.670500000000000114e+02
3.795000000000000000e+02
3.840000000000000000e+02
3.770500000000000114e+02
3.700500000000000114e+02
8.578158395624589261e+00
0.000000000000000000e+00
3.554134997727582856e+01
2.630320608666058746e+01
3.030281727090067267e+00
1.104916472793553428e+00
3.813959542688713356e+01
3.670020301550304254e+01
2.275731823033016710e+01
1.699615649318802468e+01
7.964405912881932004e+00
1.951799445320427395e+01
9.046122887755124964e+00
1.376295249424710931e+01
4.238377721948161536e+01
3.807809271822191732e+01
2.600974118974569982e-01
4.287346254599185835e-01
4.885781686669463109e-01
3.389594704876369158e-01
4.331242535132669852e-02
1.878071313181559759e-02
3.805138391767566297e-01
4.511434328252170722e-01
2.703285774689622722e-01
2.554892479925389703e-01
7.618390067870794979e-02
2.587727365900014953e-01
1.126538037783604146e-01
2.009387886076366425e-01
5.340746228297468257e-01
4.172887228601321330e-01
2.284199614948785211e+02
0.000000000000000000e+00
5.792142740505485108e+02
5.270047054108570137e+02
6.996561662977841252e+02
6.989492459843742154e+02
6.815765259032365293e+02
6.924934936288659628e+02
7.264113871878473674e+02
7.415585174940935076e+02
7.050427332000333536e+02
7.332418345515917508e+02
7.574726852042703058e+02
7.668470860605854114e+02
7.636966281634123561e+02
7.385985274386222272e+02
