-6.818049598775210995e-01
-8.951095790671221852e-01
-5.387694830528410028e-01
5.803425479771349149e-01
-2.058238133853319329e+00
-5.108256237659907217e-01
-1.588812818940223748e+00
-5.743888907499357099e-01
-5.494121176855053523e-01
-7.431019461328335352e-01
-3.320353152700739940e+00
-3.083368587807036487e+00
-4.970827813181272203e-01
-6.663489818601812109e-01
-1.119658192602177582e+00
-1.230589964834376770e+00
-2.469802080383182386e+00
-1.264449895257168111e+00
-1.956758885061387065e+00
-1.707925198253618548e+00
-1.035114637327217313e+00
-1.112430574256549232e+00
