-6.356453018471853733e-01
-6.723435823954149182e-01
-6.140002309231304967e-01
4.141988819020395729e-01
-1.493872243556936708e+00
-7.497516974558183778e-01
-3.760109963475100070e-01
-6.730346978540832636e-02
-4.339321636750891886e-01
-1.077657202104233658e+00
-1.384327274055974399e+01
-1.290273042545751636e+01
-3.293559414219295878e-01
-1.737999879757300137e-01
-8.450549543634860994e-01
5.656561425090393946e-01
3.090626395625883371e-01
-9.265930124240229215e-01
-1.288534081710626111e+00
-1.174779394359101836e+00
-7.482672654206700136e-01
-7.182015609887496543e-01
