-7.106113848796877797e-01
-7.221033613360670067e-01
-5.908490182194887641e-01
4.615412633720442082e-01
-3.367757822662182043e+00
-8.376705460682671855e-01
-2.844932247982391083e+00
-3.307686304633106755e-01
-8.875004009328054666e-01
-5.925149155187530159e-01
-1.067189923425287468e+01
-2.941635596244976281e+00
-1.392049261805649918e+00
9.834783869978312998e-01
-2.591734656058849451e-01
-1.412162598309950390e+00
-2.939129642150222654e+00
-1.578663386699067361e+00
-1.442728119240179296e+00
-2.423852350140933698e+00
-1.011354777090269219e-01
-1.489775574104692302e+00
