-6.465806307104179362e-01
-6.796718663422395279e-01
-7.419523377929808650e-01
9.001021350863580572e-01
-5.108256237659907217e-01
-9.585391756609430658e+00
-1.711983136670501393e+00
-2.481952535307778707e+00
-3.355365004343740853e+00
-4.244613296066254371e+00
-7.635094694957290429e+00
-1.474817377873498536e+00
-1.556516244849130315e+00
-7.133240391539041880e+00
-1.884688324970254847e+00
-2.630488239776680892e+00
-1.325686097200467595e+00
-1.953727440437948104e+00
-1.309382074691249676e+00
-2.416611518546457837e+00
-2.195458355344936496e+00
