2.290000000000000000e+02
2.613182198046060112e-01
2.099998386489636548e+00
2.016043022776634330e-01
0.000000000000000000e+00
1.765664886100082598e-01
1.971374412343538940e-01
2.086556398494632536e-01
1.227650778081980643e-01
1.988020839092153880e-01
1.974553369852128926e-01
1.458803517749405199e-01
1.371088584887011907e-01
1.365643958753296749e-01
1.171980332888714060e-01
1.085967845226032263e-01
1.596407134557547847e-01
1.582618831472024368e-01
1.880651030808514479e-01
3.720000000000000284e+01
3.720000000000000284e+01
9.759999999999999432e+01
8.779999999999999716e+01
1.205499999999999972e+02
1.240000000000000000e+02
1.115999999999999943e+02
1.105999999999999943e+02
1.259000000000000057e+02
1.266500000000000057e+02
1.299000000000000057e+02
1.375999999999999943e+02
1.372500000000000000e+02
1.277500000000000000e+02
1.393000000000000114e+02
1.323000000000000114e+02
5.290937517961630476e+00
0.000000000000000000e+00
1.748945390327595462e+01
8.678953856880518458e+00
9.168546280495439849e-01
2.001684667647513294e+00
2.832522106678118945e+01
2.257401776794626258e+01
8.167222743279058506e+00
1.012204837340931896e+01
2.899204034628072080e+00
1.034384248157294195e+01
4.659430580798887611e+00
6.652352485445462094e+00
1.398377278495687115e+01
2.261014283894509092e+01
3.020606994067437379e-01
2.643742156649689368e-01
4.879896851400409297e-01
2.478410881903957697e-01
1.801774963642385069e-02
6.574553345917628910e-02
6.252741209744000495e-01
5.077980893228438708e-01
2.211941759742652169e-01
2.896313747197621913e-01
8.166719440245859274e-02
3.211237713623397161e-01
1.566345802040051138e-01
1.630594848968960064e-01
3.191807696999583999e-01
4.508188698461720878e-01
8.688376122864330853e+01
0.000000000000000000e+00
2.029819062048529190e+02
1.776335342833701247e+02
2.438764169151686474e+02
2.480016473328666962e+02
2.278672552874449480e+02
2.251380620351232267e+02
2.531068567194845400e+02
2.548926354886500860e+02
2.599522952841278993e+02
2.748458089653169054e+02
2.739228313216029278e+02
2.555556733994235117e+02
2.768288266623898153e+02
2.666815702865562230e+02
