-6.810335081142768754e-01
-7.862689894408871893e-01
-5.405029549086163287e-01
6.293831321996355976e-01
-2.837586048678886641e+00
-5.108256237659907217e-01
-2.148247835354561541e+00
-5.345878525155784988e-01
-1.052224754993630551e+00
-1.844977435109018682e+00
-3.357940317278238052e+00
-3.765152154257539685e+00
-8.054615625487684394e-01
-9.721924233049573649e-01
-1.501712804217754993e+00
-1.443397061299159345e+00
-2.667219012114274701e+00
-1.700769412465507502e+00
-2.319905018110404615e+00
-1.636698327831390909e+00
-1.069129159906895055e+00
-1.267630881375656715e+00
