-6.441410367147197835e-01
-8.765912581703722006e-01
-6.493601303329082919e-01
4.739579281625139195e-01
-2.129086783070728295e+00
-3.418707366064457354e-01
-1.641061315318314007e+00
-3.982102351084156333e-01
-7.261555499807254010e-01
-1.434514335300720811e+00
-2.482013529945229280e+00
-3.522353102394585989e+00
-8.800680542369695436e-01
-1.038876126560062785e+00
-2.853490749125600079e+00
-1.505146015564538642e+00
-2.769303999529551419e+00
-1.893230039830336331e+00
-1.305416407542677071e+00
-1.513293676382364006e-01
-1.238017939428070147e+00
-2.759646667665256459e-01
