-6.704274124990808881e-01
-8.730086031174133510e-01
-5.377468504351059497e-01
4.374121067081839787e-01
-1.855469466274386026e+00
-2.237550233845339687e+00
-1.626507879726596073e+01
-1.899832399442742403e-01
-8.887667643700012832e+00
-8.451316971737332651e-01
-4.606052480789104564e+00
-5.225007417988895009e-01
-6.300699526681730056e-01
-3.439614178697220082e-01
-1.298689546411442564e+01
3.254341227387574920e-02
-2.299692864867323383e+00
-1.411305636658994445e+00
-2.195861421913656852e-01
-1.981853892394472572e-01
-1.128208748577235632e+00
-1.175439814418248075e+00
