-1.236482281782323722e-01
-5.000000000000000278e-02
-1.953906507073040144e+00
4.868805276930514570e-01
3.047213389035188236e-01
-1.190946646832179656e+00
-4.626524773027284709e+00
-4.367661612899382817e+00
-4.692127503222575768e+00
-4.613255899700460461e+00
-4.983938533016716299e+00
-4.980057286437886255e+00
-3.446894804969915072e+00
-3.574253247593464078e+00
-3.781573451358763549e+00
-3.175242900685502079e+00
-4.063784687503667392e+00
-3.487393347777778541e+00
-4.404440699764070821e+00
-4.098030466070252231e+00
-3.982936301617580277e+00
-3.687005959501647556e+00
