-6.871105673879378539e-01
-7.218252588718080398e-01
-5.992687938576694018e-01
7.304150403109048728e-01
-2.381472292691580783e+00
-2.344006491657517621e+00
-1.240448333811932979e+00
-8.364192255886788718e-01
-9.856327386238171728e-01
-9.575439443500274317e-01
-2.757344068805858139e+00
-2.975187276555567806e+00
-8.288557282645772073e-01
-1.021481494586894634e+00
-1.431044542117512641e+00
-1.274628549514521980e+00
-1.410560774487194635e+00
-1.155079684964172904e+00
-2.681509133407209422e+00
-1.698490209155972819e+00
