-7.177303005279033199e-01
-6.347556113810861600e-01
-6.365207977760988234e-01
9.259743699499122238e-01
-5.108256237659907217e-01
-3.996758149158987639e+00
-1.873788230075128736e+00
-2.839281655805245830e+00
-3.139410560779484438e+00
-4.485214212606374318e+00
-4.751002964030528908e+00
-2.236453311085537354e+00
-2.389771838491415945e+00
-3.980614595578321424e+00
-2.704160087404101187e+00
-3.932524880799031841e+00
-2.745526060808835211e+00
-2.669063977809698507e+00
-1.749718371015957175e+00
-2.459246105298202423e+00
-1.699841326034226441e+00
