-6.940100386723295767e-01
-8.332347545967124791e-01
-5.509637514327723196e-01
5.883561242326587060e-01
-2.861054000051198365e+00
-2.514634409971350237e+00
-2.359920152707235097e+00
-8.838316730705660929e-01
-1.016078376574338415e+00
-1.103372255212885289e+00
-1.068835311691354839e+01
-3.280561383846827272e+00
-9.695207396285054902e-01
-9.918330031711332095e-01
-1.580674905240353700e+00
8.326919138271464405e-02
-8.135983671997277789e-01
-1.681432166299735798e+00
-2.312156481923236306e+00
-2.439000478430280339e+00
