-6.977375605664545288e-01
-7.802342837178116719e-01
-5.559253297695617713e-01
5.134720601239469717e-01
-2.200452965375835124e+00
-8.878583649704634428e-01
-1.853062854381437363e+00
1.493714157592228864e-01
-1.099105436792918944e+00
-2.518860291692475162e+00
-3.153069323378284494e+00
-4.947508168988037802e+00
-6.000376994996978741e-01
-4.862337984575626493e-02
-1.589220498614306809e+00
-1.187325649453923271e+00
-2.691001746847885290e+00
4.081027626646396150e-02
-2.076650754332834303e+00
-1.682885920188759599e+00
-1.021927731931906669e+00
-1.032909292722359096e+00
