-6.938827023001619132e-01
-7.173812583348229133e-01
-5.959267876196625568e-01
6.000315226656107725e-01
-3.435404594118772970e+00
-1.579446937910690796e+00
-1.413194634294106855e+00
-1.119200460857540547e+00
-1.259087407860369323e+00
-1.677609270853899659e+00
-3.647583237280332291e+00
-3.539864222589675702e+00
-1.067803764706973801e+00
-3.056159968451265807e-01
-9.836964241000337728e-01
-1.526490001284342535e+00
-3.418954624388895969e+00
-2.054348776029156110e+00
-1.424825853481734184e+00
-1.231255881606816427e+00
