-7.699246243955253366e-01
-1.038427645821379475e+00
-4.289502977604790490e-01
5.924174381810211054e-01
-3.119366001325711402e+00
-2.001644924240780554e+00
-1.154563602409908185e+00
-1.316046315399134192e+00
-6.747272918398793395e-01
-2.223409437763858243e+00
-1.356779090823929934e+01
-2.093624990645682971e+00
-6.950254863897279423e-01
-6.308582382773179065e-01
-9.715440675133341086e-01
-1.324421308808438225e+00
-2.229663936894927811e+00
-1.868978261247426387e+00
-1.292486574484446926e+00
-7.049683321361961408e-01
