-6.969535445898161763e-01
-8.304871534504528752e-01
-5.440153843631178043e-01
5.412007599800575663e-01
-2.881810105045716774e+00
-7.408927042561097576e-01
-2.014260197144039033e+00
-3.851773397712533464e-01
-1.088533120716577818e+00
-3.544531868229019445e+00
-7.997882933854775445e+00
-2.957581345580096777e+00
-4.033402287769803918e-01
-5.926082131324693636e-01
-1.584138034834290609e+00
-1.628248469637561258e-01
-4.843878414289940260e+00
-1.713644432376701721e+00
-2.324661057196894642e+00
-2.344113306393161178e+00
-1.416333739197992658e+00
-9.566857341045738317e-02
