-6.531355925969420939e-01
-9.113901406832011221e-01
-4.865014910700875550e-01
6.136876083225261125e-01
-2.178285072603438621e+00
-1.394475772092214960e+00
-4.398768947017555053e-01
-3.649625362619001168e-01
-9.176218071962816136e-01
-1.032703138440900670e+00
-3.116975580469119933e+00
-3.290342559429798808e+00
-6.847585991379723236e-01
-9.614627247905360719e-01
-1.498711263259179471e+00
-1.356373222693463720e+00
-9.926423793091656567e-01
-1.431456592766487068e+00
-1.794590169253307721e+00
-1.570268506575136502e+00
