-6.630750995770108291e-01
-6.879497660118023550e-01
-5.364543231170016968e-01
5.265981656331671923e-01
-1.687546135258680025e+00
-2.652779670070139595e+00
-2.410361157247611530e+01
3.290724023369244189e-01
-2.879408007733913255e+00
-1.517344077246884471e+00
-1.282394389378028343e+01
-1.382272182995767373e+01
-1.723259858460982341e-01
-1.364229216637216080e-01
-1.285570996076801364e-01
2.092324264600341904e-02
-5.551403859031602828e-01
-8.608659649631902888e-02
-1.522794944254790117e+00
-7.152133331539178851e-01
-7.261541448225159456e-01
-4.782048254883373151e-01
