-6.630350675577557640e-01
-6.879266340456196005e-01
-5.364108204387832979e-01
5.265262513806387989e-01
-1.687505728983296427e+00
-2.647492555045742435e+00
-1.221763583529918229e+01
3.290538599263093666e-01
-2.870306778085974564e+00
-1.517704346708095953e+00
-1.112226707168330897e+01
-1.130758335364811629e+01
-1.725684110035443641e-01
-1.365547126133918876e-01
-1.290222769137238101e-01
2.073564183906449754e-02
-5.549894434335329585e-01
-8.626365816854118795e-02
-1.521384225576448923e+00
-7.157808823702803691e-01
-7.263085082643203627e-01
-4.786044594562630650e-01
