-7.174373119758936657e-01
-7.217651585359216027e-01
-6.531365707869033477e-01
6.018798206453818134e-01
-5.108256237659907217e-01
-1.379627766323412175e+01
-1.169623596501201845e+00
-5.138372489166441959e+00
-2.378816469634991382e+00
-3.674446091917082491e+00
-3.487952762195642098e+00
-1.891379450656229588e+00
-1.802033369235745308e+00
-1.362218592577797871e+01
-1.643640720020974388e+00
-1.162556534452485835e+01
-1.645378222394425993e+00
-1.720886318274134297e+00
-1.588159423389143843e+00
-1.562021829124602856e+00
-1.524385993846794296e+00
