-6.174356638713163203e-01
-8.244732740242773916e-01
-6.406759888715916063e-01
5.840728147453311259e-01
-2.045161035632899083e+00
-5.108256237659907217e-01
-1.487767103607590791e+01
-3.624420219502274554e-01
-8.225598970756050621e-01
-1.252108965969519971e+01
-1.214061050483400450e+01
-1.539589813307986432e+01
-2.443029457616605407e-02
-7.596344529272699986e-02
-1.279898267320388960e+01
-6.382106341995751331e-01
-1.523458810348442993e+00
1.976018541306233667e-01
-6.333579694033524277e-01
2.424333443401579524e-01
-1.176888581441041026e+00
-8.593219759793806478e-01
