-6.808927364271445404e-01
-8.107859202336484827e-01
-4.449664961767312299e-01
7.388157035717982657e-01
-2.383185024692016984e+00
-2.733172830300030220e+00
-1.344908043759863503e+00
-8.520901269909594289e-01
-5.658374924667600725e-01
-7.783704726149229813e-01
-2.605820305751163968e+00
-3.149702983320319838e+00
-3.146462045720028744e-01
-1.379393324858052203e-02
-1.041277249105361014e+00
-1.274958684961575939e+00
-2.262640392897479646e+00
-1.463879073513973728e+00
-2.143645973896771917e+00
-1.545596886640076217e+00
-4.855062609269838458e-01
-7.997136691132865627e-01
