-6.932598807697238907e-01
-7.891206724844720410e-01
-5.084442488282957529e-01
5.167075746438699602e-01
-1.992418574313570723e+00
-7.297065098785397996e-01
-2.223262237676336017e+00
-6.121212586644318998e-01
-6.149925614768610993e-01
-2.953679834117986847e+00
-1.010367829442160570e+01
-2.900431258140490964e+00
-3.243075499328734734e-01
-5.584652634700327800e-01
3.490676789464849938e-02
-1.279783522829924802e+00
-4.129999669406683616e+00
-1.186969501690469775e+00
-1.701866373296994972e+00
-1.523392013499647035e+00
4.538570918642004237e-01
-7.803945184555184378e-01
