-6.435787071727681052e-01
-8.859655195219140467e-01
-5.326235094378178880e-01
5.111825417279547423e-01
-2.433122981425868581e+00
-1.516503968104924382e+00
-9.242805493581635057e-01
-6.357706992295081294e-01
-7.254650447217249054e-01
-1.642698709455624018e+00
-3.037932192643606477e+00
-1.346409487691152584e+01
-1.007168465973154570e+00
-7.120210526635205595e-01
-9.667033523005493789e-01
-1.431432800519129689e+00
-2.407409729762664430e+00
-2.017157013775566110e+00
-1.508275113294897052e+00
-1.261512242489131630e+00
