-5.762095144730152718e-01
-8.484853439113193563e-01
-5.499136550516586786e-01
5.139626352301142065e-01
-1.815999548823520326e+00
-1.438632916119560790e+00
-1.746324198756668888e+00
-9.547666756395980503e-01
-1.147686875186147315e+00
-1.186100676794831887e+00
-3.192001878224564493e+00
-2.782759022922794312e+00
-5.977548887558761237e-01
-3.272190908194012593e-01
-1.372317013252377205e+00
-1.108378200802726976e+00
-2.461609543556285473e+00
-1.151480453976537310e+00
-1.490079808952367024e+00
-1.624258699973729403e+00
-1.118978565286146365e+00
-9.972941754159670991e-01
