-6.596144956623275490e-01
-6.558061380422368636e-01
-6.905132678242625888e-01
5.319725025712539468e-01
-1.559886248448493884e+00
-1.324874485772284949e+00
-1.041497908952895735e+00
-5.242431239479995453e-01
-1.150347502395731247e+00
-2.165081728305244813e+00
-3.137068857981839098e+00
-2.251653945781060706e+00
-7.176295286188765221e-01
-2.980846668027010704e-01
-1.095501149085148285e+00
-1.162514109303707466e+00
-5.934337777663870606e-01
-1.079474670878355802e+00
-1.588657614101011584e+00
-1.192659623618186338e+00
