-7.272815749390585394e-01
-8.446837339389683397e-01
-5.585790652729638595e-01
5.835997342303037572e-01
-1.775441544673476146e+00
-5.823508993853794280e-01
-1.466490966204576862e+00
-9.439154194030628942e-01
-6.205352759606518331e-01
-3.839898703993692486e+00
-2.756915976763379295e+00
-3.191516813553747056e+00
-1.974198406180071863e-01
-5.504555184696986458e-01
-3.651238482157850296e+00
-1.164540235164581494e+00
-1.990916336242415152e+00
3.129351000378397529e-01
1.133657952897987459e-01
-1.383458455193588010e+00
-6.817749167020463741e-01
-7.390394264734166940e-01
