-6.391771742288121505e-01
-7.971825279329102232e-01
-5.401392346909362763e-01
4.967241403676165845e-01
-2.150755562926847997e+00
-9.335972083128494248e-01
-1.188988217577592543e+00
-8.454309548561615983e-01
-8.481163085217969799e-01
-3.317641944857848024e+00
-2.029349025986379562e+00
-2.641800317712400314e+00
-8.862593945563977949e-01
7.520537965273510483e-01
-3.605753793968182602e-02
-7.634228171767432070e-01
-2.566772111467656270e+00
-1.412007531986596565e+00
-2.363885286002695540e+00
-1.197992669649980524e+00
-1.242823449516027967e+00
-1.071268213819728921e+00
