-6.268133751907459805e-01
-7.206222990752219060e-01
-5.485517330119590307e-01
7.456882547414189766e-01
-2.344163641011946630e+00
-1.616046012989837966e+00
-1.292692772658906364e+00
-5.993985544388295006e-01
-3.761573715386087313e-01
-4.104337935565310902e-01
-2.845488618219955246e+00
-3.024927326875528344e+00
-1.264195955019580930e+00
-1.152490576732172700e+00
-4.229422683248691861e+00
-1.307798606894500670e+00
-1.498655050131613820e+00
-1.459171320779148351e+00
-9.844000052445894822e-01
-6.804586736319874207e-01
