-6.775132835609380955e-01
-7.613960726622504005e-01
-5.934135669284911208e-01
7.157800216859633302e-01
-2.444593161519604596e+00
-1.562937173166524252e+00
-1.281090716915954886e+00
-6.420646288808019575e-01
-9.853385398276967022e-01
-1.488625585920189565e+00
-3.002668824846004725e+00
-3.726611030674093161e+00
-9.882318386547057631e-01
-1.091233772290679083e+00
-1.605690876051795390e+00
-1.459073040842830071e+00
-1.182898599449590193e+00
-1.813073356193416030e+00
-2.148577023467197922e+00
-1.775053219512948255e+00
