-7.101718902149400936e-01
-1.134779628164633847e+00
-4.764413016165845449e-01
3.635603627432536511e-01
-1.800318599419575838e+00
-1.536931100889143309e+00
-1.377250408154134398e+01
-5.872185001158977125e-01
-9.066138439537338556e+00
-3.672469414074686522e+00
-1.250338553946496178e+00
-6.110597720056262228e-01
1.409317208384585907e-01
-1.113946517903438987e-01
-3.844891983762893872e+00
-6.866605669524303845e-01
-2.787288717166992225e+00
-1.052136561751038313e+00
-3.841014360105267089e-01
1.066837040001536174e-01
-1.057641487694066296e+00
-7.700478393890916040e-01
