-6.584516896419898568e-01
-8.020751907293857119e-01
-5.979632985544164336e-01
7.224954416001826418e-01
-3.501992285049541742e+00
-1.472077345097397627e+00
-9.265990965944028712e-01
-6.120349395985390517e-01
-8.368347690667667926e-01
-1.967120961199755769e+00
-2.225436490126714517e+00
-3.810082325620750776e+00
-6.458246836816073921e-01
1.560160315758508665e+00
-1.373747549129395340e+00
-1.634077286579635802e+00
-4.668064926966138728e+00
-1.662353314398472115e+00
-2.086630239350563354e+00
-2.201081995406692915e+00
-1.892554763633265136e+00
-1.262323081446431239e+00
