-7.360256046605448965e-01
-7.108690471824287149e-01
-5.684000247299804132e-01
5.714915719128432769e-01
-5.108256237659907217e-01
-1.249022580523221926e+01
-1.991839383210554315e+00
-5.389667939267620334e+00
-2.947614024912973640e+00
-3.655374970455639527e+00
-3.966453243037401322e+00
-1.831184291054524182e+00
-1.814952091419010483e+00
-1.393713162725546972e+01
-2.236966841060844313e+00
-1.362291274334279834e+01
-1.998280720695590373e+00
-2.167037492429621626e+00
-1.839070255022347222e+00
-2.092924824231959136e+00
-1.935435964383912522e+00
