-6.815160027388525998e-01
-7.449695490678622800e-01
-5.520338329862922722e-01
5.772264131568189960e-01
-2.296988681194014781e+00
-8.169660817261188424e-01
-6.319151233040430915e-01
-4.607670156909211001e-01
-6.753120459130004249e-01
-1.094029189763974452e+00
-4.394038267059252156e+00
-3.196536096102713387e+00
-6.368954851607439016e-01
-8.289931185550108994e-01
3.005803719406986430e-01
-1.146186891834584776e+00
-3.744492959409097210e+00
-1.509860836599103528e+00
-1.775161426991169744e+00
-2.419485792299322480e+00
3.999143210006873561e-01
-9.454537255150891051e-01
