-6.714105299228363410e-01
-6.654316147968681872e-01
-7.057319152052187183e-01
7.159232653096622156e-01
-2.289413447150313807e+00
-1.540780441239030241e+00
-1.946312005900703639e+02
-2.378465448649057234e-01
-3.963505528789877275e+01
-6.817401540556097261e-01
-6.552669552422376587e-01
-8.173031316882005681e-01
-6.285351685051897563e-01
-6.919817705267657937e-01
-1.451301626025985003e+00
-1.163854626348811871e+00
-1.293464502869469435e+01
-1.248325933094485585e+00
-1.462372965741518094e+00
-1.877430081966736442e+00
-8.610342876315020266e-01
1.853486959228219100e-01
