-6.435217166893415497e-01
-8.859250126369222489e-01
-5.326715442211121809e-01
5.111138724139265843e-01
-2.433045046921839649e+00
-1.517861845549669519e+00
-9.245885306546005600e-01
-6.353999891686431534e-01
-7.254526282456680297e-01
-1.642294505019459283e+00
-3.041719559406995455e+00
-1.336400565092140802e+01
-1.007601577013125693e+00
-7.118369387788910929e-01
-9.663584988250302210e-01
-1.431318269111925279e+00
-2.406997429528945798e+00
-2.016788849777164661e+00
-1.508284002741737240e+00
-1.261107773145021982e+00
