3.040000000000000000e+02
6.501268785928074334e-02
2.093454774806331908e+00
5.203873678055414426e-02
0.000000000000000000e+00
4.987937718824668465e-02
4.877136737405204925e-02
6.747905798293671320e-02
3.423550013683676618e-02
4.127463729810889465e-02
4.249600023190647918e-02
4.189049750344821244e-02
4.600131765958009877e-02
4.708289513838821022e-02
4.151097973964423121e-02
2.945711111896375314e-02
3.426331793220028371e-02
3.626845117118225603e-02
4.178845995569219901e-02
5.054999999999999716e+01
5.054999999999999716e+01
1.370500000000000114e+02
1.340500000000000114e+02
1.736999999999999886e+02
1.750999999999999943e+02
1.900000000000000000e+02
1.850000000000000000e+02
1.834000000000000057e+02
1.801999999999999886e+02
1.804499999999999886e+02
1.860999999999999943e+02
1.956999999999999886e+02
1.951999999999999886e+02
2.028499999999999943e+02
1.958499999999999943e+02
1.510727377494265333e+00
0.000000000000000000e+00
8.245984060968972074e+00
6.319389439065373537e+00
1.754707071761214543e+00
5.189716160561251845e-01
1.178695754259868700e+01
1.621970519767524621e+01
5.451923434509859057e+00
4.667672870452949319e+00
1.789742710069393450e+00
3.607336661209389561e+00
1.346133426379385822e+00
2.848364099098192881e+00
9.118346171784299514e+00
7.437744744158807819e+00
2.605636672135058229e-01
4.265225134220337333e-01
5.678843486826862241e-01
4.591536054012279044e-01
7.384253888705309687e-02
4.286485655385053467e-02
7.300471159158395951e-01
9.863007671184085279e-01
3.530035204666028825e-01
2.794425131610844271e-01
1.040753219048494022e-01
2.313371581445692882e-01
1.172266575860805571e-01
2.131845862079540799e-01
6.153855722190312294e-01
4.494576392989036440e-01
1.114154698219850275e+02
0.000000000000000000e+00
2.911129797127346706e+02
2.821968679931582642e+02
3.521510558231715322e+02
3.536433975678453407e+02
3.911718229797382946e+02
3.869773353028649581e+02
3.686847662609550298e+02
3.631095414760688413e+02
3.652411314209288662e+02
3.756455908266661936e+02
3.898266925046633560e+02
3.899512225517506749e+02
4.085448650802177326e+02
3.960008673002225237e+02
