-5.985038955912390657e-01
-5.986623003111765096e-01
-6.300096218844085660e-01
6.941136811029987586e-01
-2.266928902183086070e+00
-5.108256237659907217e-01
-1.316099059369604030e+00
-5.686609736695193984e-01
-1.015495896916485119e+00
-1.540418085357297517e+00
-2.862351657937575844e+00
-3.125629959332973939e+00
-5.549165250319402221e-01
-6.478258353706375372e-01
-1.258925428178678585e+00
-1.174689130453560715e+00
-3.263391422074919834e+00
-1.381047347286544991e+00
-1.461520390035816686e+00
-1.132584531501954705e+00
-1.106178319572851620e+00
-9.439878771423805270e-01
