-6.665488437273743294e-01
-8.103128182187260276e-01
-4.918213094815019892e-01
2.270279280126003552e-01
-2.258700291856908571e+00
-3.525243262756321272e-01
-2.134721502771198232e+01
-7.121528086473993824e-01
-2.650054032950309502e+00
-3.235946019224918313e+00
-4.098302382411780909e-01
-3.480072472281469653e-01
-7.493760936836039166e-01
-3.206926422302256996e-01
-1.106206720605446137e+01
-1.619419190762581451e+00
-7.721786165366668619e+00
-1.742872991519942349e+00
2.363313076485406006e-01
-7.248681311443392339e-01
3.486769072147711257e-01
-1.880729723844269508e+00
