-6.415076689422086753e-01
-7.874048203705269477e-01
-5.471073514049373809e-01
4.875127917186462545e-01
-2.177596321268843838e+00
-9.627410695180664835e-01
-2.805787002480083725e+00
-8.087748082449693898e-01
-2.511042763089299523e-01
-3.781729928760825477e+00
-5.822590924639436949e+00
-3.053921379255577939e+00
-3.300402146196897424e-01
7.208233674622089859e-01
1.236180773725552295e-01
-1.433074801169357482e+00
-2.923093510234306525e+00
-1.289366613038020581e+00
-2.191246296685534389e+00
-1.263051891805965887e+00
-1.289059605086143812e+00
-1.035167718755160671e+00
