-6.913752550009441000e-01
-6.285964297031020331e-01
-6.491287918878715368e-01
6.364808364066316670e-01
-1.694968772032881654e+00
-1.232577673879322600e+00
-1.351128196338712284e+00
-1.679078644286692734e+00
-4.492596709322092541e-01
-1.299361545775873594e+00
-2.614624346751649231e+00
-2.449690070655230478e+00
-9.643969596312540471e-01
-1.424007115573191928e+00
-2.849889302907719024e+00
-1.800481939324447112e+00
-1.272140728893180750e+00
-1.557815998006118363e+00
-1.271957590437800434e+00
-1.572903492078042476e+00
