-6.804000869056482381e-01
-8.033434794572859028e-01
-4.799305824058330283e-01
5.645849378187310919e-01
-1.900646296290118498e+00
-5.108256237659907217e-01
-1.189431268095977146e+01
-3.669270945270958761e-01
-3.539887424643969549e+00
-2.610854923062981392e+00
-6.672571158474664976e-01
-2.809792872866810676e+00
-2.817719499800761529e-01
-2.426982578936049961e-01
-1.551040443666884983e+00
-1.201925837930575058e+00
-1.124005670836366910e+01
-3.504479926998739781e-01
-1.738184645115947502e+00
-1.913681300550194475e+00
-2.929832149330515723e-01
-2.319710730188336845e-01
