-6.921270743023083538e-01
-8.760410976859019927e-01
-5.157593233229283980e-01
5.432786939468388088e-01
-2.727774611198243715e+00
-6.201261532751159988e-01
-2.501465100995577284e+00
-3.003811371171955513e-01
-1.206278824819561724e+00
-2.571100765149222589e+00
-3.233287881827537458e+00
-3.664710565924309105e+00
-6.494661883198125096e-01
-6.543470956956159990e-01
-2.757136485886967137e+00
-1.527242797206869840e+00
-6.617478714131980189e-01
-1.632618595285134422e+00
-4.294550145679373876e-01
-1.326961440796532443e+00
-1.380786394726931210e+00
-1.415089405197972994e+00
