-6.802465978609775199e-01
-7.977646424221337407e-01
-5.163763211587690805e-01
4.194113648775267267e-01
-2.646953088179441860e+00
-1.408665249433493694e+00
-2.395077282941154628e+00
-6.641388011356650356e-01
2.788603852572155151e-02
-2.930341709755970303e+00
-4.108338615689728357e+00
-2.962248269921559540e+00
-1.055586301517077663e+00
-2.565477527925155710e-01
-1.819622461367867539e+00
-1.545242508121525082e+00
-3.230086756107076962e+00
-1.544051581691628483e+00
-6.135328720422895898e+00
-8.235980651748594505e-01
-1.504982236357004677e+00
-1.693709682742010170e+00
