-8.178387393756784141e-01
-8.548620426015729468e-01
-6.833226399630160097e-01
6.802875685596010413e-01
-5.108256237659907217e-01
-1.862979838514159425e+01
-1.875510042330422955e+00
-4.195700401931331314e+00
-2.348616613651933971e+00
-3.814939083296756017e+00
-1.988030396918071485e+00
-1.975733707950286355e+00
-2.253382622567788651e+00
-1.683115859311551787e+01
-1.858561259072662342e+00
-4.012281536563683026e+00
-2.541869418154389493e+00
-1.639705688503968029e+00
-1.710437530045770815e+00
-2.433845147318709046e+00
-2.221124559126505194e+00
