-6.356422878973663204e-01
-6.723605030034913721e-01
-6.142540362049663250e-01
4.145415589799695266e-01
-1.494092331332028900e+00
-7.497197017992468515e-01
-3.775948374145418063e-01
-6.623062824301599594e-02
-4.338101714638781803e-01
-1.074526423837503186e+00
-1.246246391870504411e+01
-1.202626505503541132e+01
-3.296432698328257693e-01
-1.737148890832735659e-01
-8.448360661153108131e-01
5.655739083502739906e-01
3.086803564729013738e-01
-9.263951918317885337e-01
-1.288439052804634111e+00
-1.173805717563780160e+00
-7.479039856766878103e-01
-7.179553168561678689e-01
