-6.821819068854999557e-01
-7.794736487111958434e-01
-4.905496744971783452e-01
7.166949240122233444e-01
-2.112211336824785679e+00
-5.108256237659907217e-01
-1.561844616424804988e+00
-5.372048624010258289e-01
-9.879051321736130598e-02
-1.160039617612127039e+00
-3.006887610408557787e+00
-2.819449537097446612e+00
-5.343675336841676726e-01
-2.017338331703704968e-01
-1.426006076710500059e+00
-7.310972551732504154e-01
-2.680871065906171413e+00
-1.012544571143813021e+00
-1.595897343761338849e+00
-1.430955047187666196e+00
-9.250168505098833593e-01
-6.202961318582206340e-01
