-6.938196369172814348e-01
-7.173702098966938667e-01
-5.958906189895475380e-01
6.000329018713426166e-01
-3.435381757263089586e+00
-1.578297745734200008e+00
-1.411100622109195513e+00
-1.121158943114142215e+00
-1.259153328034990915e+00
-1.676832065689381590e+00
-3.648089793686887461e+00
-3.540587408230673638e+00
-1.069259620693973067e+00
-3.053561283627745371e-01
-9.842694021563257456e-01
-1.526636074486411365e+00
-3.419956771179283539e+00
-2.054737172197218076e+00
-1.424853627919907550e+00
-1.231407440769423767e+00
