-6.826532099164753786e-01
-7.844876486769086776e-01
-4.805894114161477493e-01
6.187510870934372909e-01
-1.951491772375486100e+00
-8.148490078020873550e-01
-2.023426664179863277e+00
-4.702720241258961931e-01
-2.132155750800112104e-01
-3.295675431679362610e+00
-1.039031950350165801e+01
-2.499932291055769529e+00
7.978459799106520089e-02
4.077374182123737201e-02
-1.531328465731784716e+00
3.625106889266063726e-01
-3.078386631682352270e+00
-1.191780685358952097e+00
-1.955857933559619122e+00
-1.471842388505489874e+00
-1.129396781627020951e+00
5.168650043211245881e-01
