-6.723499607608752759e-01
-8.552689401400598301e-01
-5.082377939614017848e-01
6.721777059505534835e-01
-2.189438484064155421e+00
-1.374602355787485131e+00
-1.477773397350860218e+00
-9.527125399284149809e-01
-8.731356726786972944e-01
-5.917766474642863761e-01
-2.373651251748500002e+00
-3.176891823457012709e+00
-1.114195736706879547e+00
-1.215799326657081236e+00
-2.817883567944323264e+00
-1.332050683727313389e+00
-1.901653753908341793e+00
-1.273471238514733983e+00
-1.325889291867375697e+00
-8.464958667378135182e-01
