-6.637836054043135814e-01
-5.722081677189696514e-01
-6.876967803030207271e-01
1.030356487336907989e+00
-5.108256237659907217e-01
-7.090952662373754656e+00
-1.562375792097007166e+00
-2.346319213810456272e+00
-3.959684450490029040e+00
-5.564162264885727183e+00
-3.219897445002018355e+00
-1.845363469531341449e+00
-1.938105870823877641e+00
-2.727545196631484981e+00
-1.414829789960847961e+00
-3.979369528896326447e+00
-2.648155962505004624e+00
-2.940828072684249950e+00
-2.953806290252397826e+00
-2.375124095422967763e+00
-2.323215557068142090e+00
