-6.031534053459796096e-01
-7.981973699427695745e-01
-5.838601048490491552e-01
5.047902717240055903e-01
-2.130280791406105489e+00
-1.283697820586302552e+00
-1.276385137705005501e+00
-1.027318072368024415e+00
-1.246996297377869212e+00
-3.487637214843995470e-01
-3.038959415933630837e+00
-3.078383404694513548e+00
-1.313292100614906088e+00
-1.357136319252959744e+00
-2.459393317601616058e+00
-1.438149241658136956e+00
-1.242321085141377512e+00
-1.866661242672855714e+00
-1.018933376209888220e+00
-9.955807582569108360e-01
