-6.759469392232769769e-01
-1.135015047737742977e+00
-3.837491460738799431e-01
6.562788237361587562e-01
-3.492849115800488402e+00
-1.184654291100923018e+00
-1.913918142547526458e+01
-1.024888176272088947e+00
-8.379900188194653321e-01
-1.717616879926984641e+00
-1.251053790268072596e+01
-1.490693841276434561e+00
-3.146295373567224440e-01
-1.014938200043222327e+00
-2.002146658037702753e+00
-4.369234655397005174e-01
-2.961212730245398550e+00
-1.656835141289455304e+00
1.652393955095810885e+00
-2.196703040496398973e+00
-1.397875257026353291e+00
-1.176817326716759871e+00
