-7.108480547722128007e-01
-6.966690520276512810e-01
-6.175502148931734103e-01
5.693533559087187168e-01
-3.620843199134485157e+00
-1.245878297597435402e+00
-1.494439343154128963e+00
-3.285128274539216298e-01
-8.994594460365927802e-01
-5.995943220669927021e-01
-2.871677168480316400e+00
-2.616058261087159220e+00
-1.366110905284911636e+00
1.299316590189618648e+00
-1.547836263961597680e+00
-1.792151108911488322e+00
-2.458046050843999630e+00
-1.721494089047097775e+00
-1.604164655609488177e+00
-2.015598166626996424e+00
-1.474272301759295356e+00
-1.469148609711146580e+00
