-6.640250880785789622e-01
-8.201134987201512683e-01
-6.575308445385792400e-01
5.725642853280491495e-01
-2.252625142898623256e+00
-5.108256237659907217e-01
-2.285813573232436280e+00
-1.585089354297400110e-01
-9.267307125778709853e-01
-1.531374727475210529e+00
-2.642123186653864142e+00
-4.058656674454840463e+00
-8.124303908454525436e-01
-7.995077491438792316e-01
-1.505869412074258840e+00
-1.376389106478926649e+00
-2.849309640204118033e+00
-1.534131230889550057e+00
-1.685595966370808885e+00
-2.193412031078100011e+00
-8.838194653698661085e-01
-9.975010022326599168e-01
