-6.704279269765146543e-01
-7.776694425592012294e-01
-4.821454863900355159e-01
3.065532898656377347e-01
-3.632830117747730014e+00
-2.264273088079282292e+00
-2.195309899250814922e+01
-6.045166331552059846e-01
-2.063447546250204923e+01
-1.350867406693233796e+00
-2.827827575728357079e+00
-1.532581699836695233e+00
-1.054781158731632251e+00
-5.287884117631764802e-01
-1.761632668592686857e+00
-1.035960726767231277e+00
-1.380193749918027990e+01
-1.233249232667675388e+00
-1.863743945566515459e+00
-2.743489451504918186e+00
-9.723690418686892212e-01
1.403482034677672630e+00
