-6.409396224029254574e-01
-8.006832837516294488e-01
-6.009115571604285444e-01
5.515571296071412055e-01
-3.226817098193584865e+00
-5.108256237659907217e-01
-1.624359849710851122e+01
-2.282848071056303718e-01
-1.603398160378663562e+01
-9.431236162384719623e-01
-7.977582997745129578e-01
-7.277840966733767347e-01
-8.006049773978595185e-01
1.228550886378659612e+00
-1.502995563334937223e+00
-1.533870994266796073e+00
-1.125658557100364376e+01
-1.598115219627475270e+00
-1.941522253205700599e+00
-2.175464111666636224e+00
-1.798909098199894530e+00
-1.246457372571157851e+00
