-6.675874184091438179e-01
-9.646417883941315052e-01
-4.786106187390993250e-01
8.924415905843090524e-01
-6.143241798870815451e+00
-2.619141783987878114e+00
-1.492200631641395958e+01
-2.900373475509098742e-01
-1.216160451374003415e+01
-5.565785949978675484e-01
-1.100003578005870253e+01
-1.156333892245182327e+01
-6.915342901337867554e-01
-9.742262035086335370e-01
-1.138230557178624647e+00
-9.182144765366524464e-01
-1.438076620123997174e+00
-1.013873020146363491e+00
-2.083022795022106965e+00
-1.856298798357155055e+00
-1.554112987220024333e+00
-1.082569702884525586e+00
