-7.065408640657360184e-01
-7.867062129251146674e-01
-5.452946148048660735e-01
5.302998369861672279e-01
-2.226423260114444247e+00
-1.354812876185326642e+00
-1.458608676839498797e+00
1.333251588826565304e-01
-1.103437725210007603e+00
-1.488096494636128808e+00
-3.260182472278799537e+00
-3.309712075613052473e+00
-8.824766833635411256e-01
-3.335366487036669492e-01
-1.486231833562641880e+00
-1.200689394492113538e+00
-3.142998390460653990e+00
-1.103491748233400349e+00
-2.002958195404747066e+00
-1.639529728994742586e+00
-9.625227295959251084e-01
-1.008505695040275540e+00
