-6.253601877430436939e-01
-7.341044072740622317e-01
-5.896168275932197611e-01
5.143907676396328732e-01
-2.580599171543174641e+00
-1.371580372985454321e+00
-1.111932846256003860e+00
-6.240758144041517186e-01
-1.103785872792478528e+00
-1.236661352520765700e+00
-2.046899300403942412e+00
-2.698485519660013487e+00
-1.166418586616488895e+00
-8.352766824770703202e-01
-9.706922146099886684e-01
-8.166884044699035394e-01
-3.293469279777558878e+00
-1.795658106659928643e+00
-9.890287173906935347e-01
-1.122969876828061597e+00
