-7.716082232592290646e-01
-8.459556373464423018e-01
-5.878146735893311492e-01
4.865880257276116172e-01
-1.899037258626707469e+00
-1.449141287478861395e+00
-8.218664114611707872e-01
-1.209871739263576274e+00
-8.824952890557158369e-01
-1.587005907024481521e+00
-1.209770199178336370e+01
-2.965194408339836940e+00
-4.902477931156061230e-01
-7.633875910551672916e-01
-1.379206613998863240e+00
-1.671040805012827146e+00
-2.965194408339802301e+00
-1.083083963149347628e+00
-2.236742606474444006e+00
-1.532068962327035377e+00
-1.011459303681048194e+00
