-5.614967479492151137e-01
-8.589938763076038208e-01
-5.465492075349099865e-01
4.078558113732614898e-01
-1.831827611986885262e+00
-5.108256237659907217e-01
-1.516551876576506253e+01
-4.944101462057541307e-01
-3.829180503985509354e+00
-6.642138326093279810e-01
-1.065392271573804983e+01
-2.867931699226243580e+00
-6.642138326089445099e-01
-2.302585092994045457e+00
-7.461322522189802742e-01
-3.783704332248793434e-01
-1.120255382231665209e+01
-4.613466195572363260e-01
-1.360021073196408192e+00
-1.633572711159259949e+00
-2.806901933208650335e-01
-4.006208521241555465e-01
