-7.079712122347415759e-01
-7.458921623874499307e-01
-4.917518039810712116e-01
4.768908863536575060e-01
-2.320191408756520524e+00
-1.084068212134081666e+00
-1.866831986226539897e+00
-9.049336974025797842e-01
-9.431690130465261168e-01
-7.078079190147378297e-01
-4.229747118473714096e+00
-2.682143989656335936e+00
-1.416331070442492068e+00
5.188026436672353858e-01
-1.968708355850437242e+00
-1.962753409009336814e+00
-1.330023179719477699e+00
-1.773833117142409987e+00
-4.508548824323375670e-01
-1.225533036673989828e+00
