-7.140440056465083840e-01
-9.306340371621670826e-01
-4.862865256648126189e-01
5.299221438408224794e-01
-2.162891876498878485e+00
-6.694750870078132188e-01
-2.223448498438498788e+00
-1.016389547108495356e-01
-1.969509571403645076e-01
-6.444575305243822605e+00
-7.927422587843347301e+00
-2.857652567288577750e+00
-3.343720741490531223e-01
-2.151795989290685440e-01
-1.727738867708927817e+00
5.693949406776647182e-01
-5.980455174594662360e+00
-1.552808292874579221e+00
-2.263051053374508736e+00
-1.050544148231769004e+00
-1.156254282747239071e+00
4.508468010662445846e-01
