-6.771218763293846976e-01
-7.812456400197165252e-01
-5.493576994448563511e-01
6.315886289098191497e-01
-2.798768666970117280e+00
-1.169126167399086480e+00
-1.717883376001626106e+00
-6.395452959357599276e-01
-1.075540224454562210e+00
-1.858176938215871710e+00
-3.384207320739753833e+00
-3.892113300536917286e+00
-8.666995248336378799e-01
-1.026004818452545209e+00
-1.566998642429108912e+00
-1.512589258237753587e+00
-2.751952624879619336e+00
-1.788552826085903824e+00
-2.432394220718153477e+00
-1.701012489718271015e+00
-1.138955339929981880e+00
-1.344442892529269740e+00
