-7.385719493336981856e-01
-7.445155152236938578e-01
-6.039040530070749480e-01
7.034563891579563855e-01
-2.722597256407744748e+00
-1.331263022132463281e+00
-1.642289176405978601e+00
-5.122146192710680390e-01
-9.234233838925991478e-01
-4.916384147877654320e-01
-3.359249242290494930e+00
-3.206915996360842680e+00
-1.629486376127294189e+00
-1.404509212044049216e+00
-2.899606921518917524e+00
-1.449708671933944704e+00
-2.039024501332781458e+00
-1.737247402753256065e+00
-1.126634970274779768e+00
-1.084484714855433074e+00
