-6.632860696787185040e-01
-7.047203118578064807e-01
-6.519966126387665151e-01
7.237248766446356951e-01
-5.108256237659907217e-01
-1.825759237918380151e+01
-1.467285398857981704e+00
-1.589126916120897803e+01
-3.464605216553690248e+00
-2.145369185884969720e+00
-1.775723862836055655e+00
-1.599128518548964983e+00
-1.462426213983444079e+00
-1.581722193437209256e+01
-2.313131582759403226e+00
-4.934445029166549368e+00
-2.679144903963572411e+00
-2.419585763037478188e+00
-1.103605331344275298e+00
-2.455020369287978621e+00
-2.311899992361247325e+00
