-6.976074777186502818e-01
-6.413986306066356002e-01
-6.621740404580024331e-01
7.922424627301467570e-01
-5.108256237659907217e-01
-5.516270242389669676e+00
-1.759856202300568384e+00
-2.158057082129793525e+00
-3.691536166862960044e+00
-4.743173898627409457e+00
-4.343606948759510367e+00
-1.754157346060542855e+00
-1.635047173854333513e+00
-4.480769399036356404e+00
-2.289831984263122067e+00
-3.874486545859990194e+00
-2.369204322626685677e+00
-1.241648176966863248e+00
-2.106039948432290476e+00
-1.876856225733298800e+00
-1.218350150701461576e+00
