-6.779674212000678102e-01
-8.066438015465752231e-01
-4.839577310972657531e-01
6.105140903740434721e-01
-1.896898013837553298e+00
-1.232776044817223804e+00
-1.319192598621937584e+01
-4.537329323754094590e-01
-3.614312961946418046e+00
-2.859858246657854597e+00
-5.624325088841194420e-01
-7.034438206734683341e-01
-3.204122623701141648e-01
-2.559100183019399899e-01
-1.656995703555231403e+00
-1.277100008684357801e+00
-1.201435998618473810e+01
-1.115675650900236793e+00
-1.851801772235080801e+00
-2.020890382367684701e+00
-1.023971247311815658e+00
1.489181079616846981e-01
