-7.389314304795964183e-01
-7.847146610278613599e-01
-6.457191588417869887e-01
4.257271623621559087e-01
-2.143947829803866778e+00
-5.108256237659907217e-01
-2.156612521964055063e+00
-3.164979523061551281e-01
-1.177130590536387134e+00
-1.581862283503670419e+00
-3.197075717461923094e+00
-2.171614916566861009e+00
-5.531904144687439517e-01
-3.064439721650700776e-01
-1.465578815728794781e+00
-7.697450435170843930e-01
-2.773230483446996963e+00
-1.060907997617829945e+00
-1.242952121029977652e+00
-1.644933613881435441e+00
-8.741138711402550721e-01
-8.119077342905891559e-01
