-7.380538308776404266e-01
-6.574588100365765797e-01
-5.580357438122525160e-01
1.069469425210330726e+00
-5.108256237659907217e-01
-4.368534520156395651e+00
-1.879990711907061796e+00
-2.472298967149665572e+00
-5.643915112334756401e+00
-4.577936135452119970e+00
-4.366111603680582931e+00
-1.810776037999853205e+00
-1.858757890417065628e+00
-4.289017455660889766e+00
-2.976422658976348501e+00
-4.454365724149508488e+00
-3.131842830735650285e+00
-1.728240811935174204e+00
-2.757013848143786472e+00
-3.134693211613369446e+00
-1.534695398252011733e+00
