-6.540982366790549785e-01
-8.920485249145195805e-01
-4.811255312375257720e-01
8.411447182149281998e-01
-1.476588405512266444e+00
-1.887392128501104382e+00
-4.425704566811350937e-01
-2.763253597585586530e-01
-4.354594054200516123e-02
-1.323218312543318786e+00
-2.443982187078608703e+00
-3.266135957312619187e+00
-2.409299226276046813e-01
-9.947965113720649288e-01
-1.312460329734156828e+00
-9.210592548299825211e-01
-2.572186883623407638e+00
-1.087864146964823586e+00
-1.628282067671776634e+00
-1.081071501711025507e+00
-5.053781724844121914e-01
-6.405906349185996884e-01
