-6.930986934316056836e-01
-7.893393119856084716e-01
-5.082879563966767877e-01
5.164176261680825109e-01
-1.992409132685424522e+00
-7.294305821866406969e-01
-2.216358149987240012e+00
-6.127280610435392738e-01
-6.153694762681058972e-01
-2.955753297225029996e+00
-1.010335502227819582e+01
-2.914422772435211861e+00
-3.243417667323055809e-01
-5.587880515588400376e-01
3.494930870862392180e-02
-1.278990926832479502e+00
-4.123082509418131814e+00
-1.185910968442954516e+00
-1.694981311252460987e+00
-1.528828990400968868e+00
4.535221050303029355e-01
-7.803914574312429409e-01
