-6.506120332586394772e-01
-8.237281943236136605e-01
-5.297388494977930407e-01
7.154547842939271707e-01
-2.375450603420321549e+00
-1.278172314205066273e+00
-8.975466603407036281e-01
-2.954082820765609463e-01
-8.340105749259022483e-01
-2.374545174176192208e-01
-2.611155669253883538e+00
-2.758662512812038337e+00
-1.183757614219580478e+00
-1.153661700452630834e+00
-2.260878296009283250e+00
-1.487835586089793605e+00
-1.870869807203585866e+00
-1.759003267698134421e+00
-1.088548014631343985e+00
-9.621200051294737099e-01
