-7.402650813998292723e-01
-8.595336226141766511e-01
-4.527280118032266931e-01
7.994811368658464312e-01
-3.106627624890204942e+00
-5.108256237659907217e-01
-1.484847662222569253e+00
-1.043731377375440417e+00
-8.438002786438399960e-01
-4.367221909314860095e-01
-3.283504234030734992e+00
-3.030298604927038397e+00
-4.692619121926890902e-01
-7.416204472750798082e-01
-1.517920956315229608e+00
-1.552916442143524201e+00
-2.666946674866652600e+00
-1.570228901612298333e+00
-2.233507843954219751e+00
-2.180398950023950899e+00
-1.199389082652196459e+00
-1.242176070138781840e+00
