-6.802643020497551873e-01
-7.977839231387168217e-01
-5.163011321737747128e-01
4.193913594490716323e-01
-2.646965237265800575e+00
-1.408433171262743366e+00
-2.399488462569243197e+00
-6.639706692693234658e-01
2.762365879174082106e-02
-2.919474423571253752e+00
-4.102660655832581327e+00
-2.964676591727036570e+00
-1.055876512365407027e+00
-2.564597439133352585e-01
-1.819187172480716486e+00
-1.545264027571187970e+00
-3.231891945310044534e+00
-1.543873934005444148e+00
-6.116269181584709891e+00
-8.239069339830167316e-01
-1.505060060667196442e+00
-1.693301660162559674e+00
