-6.813927686022117625e-01
-8.453981899262610344e-01
-5.453560320467457645e-01
7.470867657212011403e-01
-2.383753866677280175e+00
-1.525542078188599326e+00
-1.661327513696072788e+00
-7.523432475169754552e-01
-9.657984634975309568e-01
-1.201742455951741118e+00
-2.828610351239237986e+00
-2.531015292319784837e+00
-4.337888405873150388e-01
-1.012419091612717370e+00
-1.296812279538543056e+00
-1.155598383029646570e+00
-7.678887449455505942e-01
-9.400758560517182838e-01
-1.742645009181887250e+00
-1.484773632055453207e+00
