-6.664584071744859006e-01
-7.830801564519836999e-01
-5.772989419677125866e-01
2.939321124236795035e-01
-1.921356891293278579e+00
-3.756936600151654648e-01
-9.956868260941736937e-01
-2.049623640699418659e-01
-9.203791249269089869e-01
-1.931956779463647633e+00
-2.230092560910487354e+00
-4.010288915804443022e+00
-7.415511659416387236e-01
-4.933337884980195098e-01
-2.449250637038633993e+00
-1.104423935983508631e+00
-5.504023658840446309e+00
7.132294064542653300e-02
-1.383318345821715312e+00
5.078564259211634097e-02
1.259729654906560636e-01
-1.233963547255165993e+00
