-6.677180506555686623e-01
-6.726709519493936362e-01
-6.971555034866022682e-01
8.231980232786634266e-01
-2.361056766143641017e+00
-5.108256237659907217e-01
-1.641605508229606603e+00
-4.782210870539920222e-01
-6.981827285082601309e-01
-1.290199822984234856e+00
-2.978960742350743374e+00
-2.976659428954948172e+00
-5.557114997910302945e-01
-6.147369227703164407e-01
-1.215662282950625617e+00
-1.144516275195648358e+00
-2.611661565577921618e+00
-1.419367089543072336e+00
-1.359555783974714549e+00
-1.783251485607582953e+00
-8.836668689001462296e-01
-8.298865756008217964e-01
