-6.726956634591462203e-01
-7.717179377117798778e-01
-5.973603415318803345e-01
6.029185434153931933e-01
-2.079696801506488057e+00
-1.383092732085298371e+00
-3.365801586875082907e-01
-7.691428577203675010e-01
-9.473004777427252998e-01
-1.462852230462586611e+00
-3.086193898660584356e+00
-3.068781955488331992e+00
-8.179418479610260917e-01
-7.695879829814403772e-01
-1.352078867605050583e+00
-1.227685375687988856e+00
-8.292906511651624291e-01
-1.514788123381939355e+00
-1.827049019863811852e+00
-1.779536616156995432e+00
