-6.688691967196145338e-01
-8.158207505895794798e-01
-5.781925878121376705e-01
4.521299656248347065e-01
-2.029537829119179015e+00
-1.378731037731773412e+00
-1.097917262104889824e+00
-7.547719930225857410e-02
-5.469999775589365898e-01
-2.112760127921614384e+00
-2.856900680313793295e+00
-3.153294821399817316e+00
-6.791890213484441663e-01
-3.350067136134272650e-01
-1.251314566756335678e+00
-1.104581455814907409e+00
-2.924005023910586143e+00
-1.151767977018010036e+00
-1.836201736395584483e+00
-1.949722044439431201e+00
-9.764382760599127353e-01
-1.149362596719142982e+00
