-6.886786852748731924e-01
-8.757088613191633675e-01
-5.061017887511893854e-01
4.958198332222750748e-01
-2.796140098287072107e+00
-1.924963837805133915e+00
-1.198832040247109809e+01
-1.170757686236310463e-01
-5.709662654698069773e+00
-1.981991270860341103e+00
-1.215072378810471854e+01
-3.937594183134639714e+00
-5.575006419681362013e-01
-4.754607611824401281e-01
-3.366313539547550970e+00
-5.018731404261871365e-01
-1.210626938925080331e+00
-7.393487902653171906e-01
-7.721563732123657431e-01
-7.176647807891927133e-01
-1.296875629987288780e+00
-1.229369643046008376e+00
