-6.402218383429951754e-01
-6.995660796669803672e-01
-4.959550716708118201e-01
6.687236657656895344e-01
-2.814483983022096680e+00
-1.905405921092915955e+00
-2.119591378832896833e+00
-1.437931772723954671e+00
-4.119272925508453143e-01
-2.157756480679520639e+00
-4.386673616835582656e+00
-4.257033681341714448e+00
-1.423995817341900283e+00
-6.066878494689087464e-01
-9.177341170718994467e-01
-2.032526992572729618e+00
-3.056483910466151421e+00
-1.988145652505729277e+00
-1.477007897378907142e+00
-1.264280021868925408e+00
