-6.597266948938611542e-01
-9.363366260790476625e-01
-4.287406170994111920e-01
6.373607362635023144e-01
-3.139039294893689824e+00
-1.280039611910280373e+00
-7.957523217968459628e-01
-7.784873429674092904e-01
-1.384148428379594398e+00
6.541768585438369199e-02
-8.688158424404909042e+00
-3.226860497649867821e+00
-1.576914680657452550e+00
-1.666884451991844207e+00
-4.250184229918512635e+00
-1.521623590646922430e+00
-2.464152003527484869e+00
-2.068980521633259961e+00
-1.037448443006559806e+00
-6.695063552775142313e-01
