-6.814201840059830317e-01
-7.449222791180984959e-01
-5.520552924178493415e-01
5.771803007752854819e-01
-2.296803893408018826e+00
-8.167023435930780284e-01
-6.320039644436942217e-01
-4.617048447264667788e-01
-6.756875669743577228e-01
-1.093078383018135646e+00
-4.397553390948636398e+00
-3.192414976449795105e+00
-6.371880055941506749e-01
-8.287892035167404581e-01
3.005188864050136743e-01
-1.146597928526358778e+00
-3.741164886128059752e+00
-1.510338477175176664e+00
-1.776297538192353809e+00
-2.417147532981086311e+00
3.994266822571554965e-01
-9.457248439240963922e-01
