-6.357526606311483253e-01
-7.678832046404701073e-01
-6.315620089647792090e-01
2.200008119750798963e-01
-2.109589635006541286e+00
-3.335533320974962690e-01
-4.091407063410892775e+00
-8.074636413512266131e-01
-2.745818539314854423e+00
-2.363913819017506412e+00
-2.902553388765974240e+00
-2.016964421723594469e+00
-1.597861398023829871e+00
-1.867031756285742361e+00
-1.515174848091710880e+00
-1.220889374307896569e+00
-5.944450270198528230e+00
-2.461450175147751551e+00
-3.053315212178516092e+00
-1.676740164059406402e+00
-1.124914483391764364e+00
-5.244836306556568406e-01
