-6.784388982709534943e-01
-7.567798472003531840e-01
-5.707397490527053030e-01
6.440165584416506217e-01
-2.732941810450863152e+00
-1.715997920946225719e+00
-1.467820734062292853e+00
-3.882870975330166702e-02
-1.319434888702204933e+00
-2.059971900290230806e+00
-4.159435191850669788e+00
-3.339346134319207238e+00
-1.263790881299363233e+00
-1.369511897585053095e+00
-1.597421770348918191e+00
-1.159657074042030001e+00
-3.126626393906727586e+00
-1.974921869649213457e+00
-1.871168576440414233e+00
-1.587729604686463958e+00
