-6.714127437237550344e-01
-6.646218481417294210e-01
-7.053477281531438381e-01
7.154470345057785119e-01
-2.289651594549190428e+00
-1.540610589100947836e+00
-2.523515641142274646e+01
-2.385249235692734338e-01
-1.761433163249479961e+01
-6.810340405240673523e-01
-6.559560513086427624e-01
-8.168352941071084228e-01
-6.292914975157831714e-01
-6.922731745429848704e-01
-1.452653801886348184e+00
-1.163881418077135965e+00
-9.818717113841017863e+00
-1.248685950171506187e+00
-1.464323243265214902e+00
-1.873200496931293868e+00
-8.613437444575287039e-01
1.852470422418791285e-01
