-6.704903391920178368e-01
-6.662094779980574089e-01
-7.016691553489294852e-01
6.815331101633999022e-01
-2.298700767650317278e+00
-5.108256237659907217e-01
-1.628422696737260367e+01
-1.864487172672955329e-01
-1.527707643478140298e+01
-7.255374299846958364e-01
-7.320617849287938128e-01
-1.292858375069192212e+00
-5.718238458349858000e-01
-6.362659843537917803e-01
-1.387786350743638764e+00
-1.088349982425707907e+00
-1.255257197197142105e+01
-8.678270609924311207e-01
-1.378857779446068577e+00
-1.787629801071850100e+00
-6.125272448715259888e-01
1.008107175520725624e-01
