-6.367061910732054741e-01
-8.219285773409024110e-01
-6.375818445374432653e-01
6.659859894267581293e-01
-1.951318872456416109e+00
-4.528895107765006922e-01
-8.789551883663455634e-01
-8.834679653742643080e-01
-1.244287516367365010e+00
-3.717647207815236055e+00
-3.654538172388243300e+00
-8.943677729681363431e+00
-7.041705404701233961e-01
-1.875545154198372810e-01
-4.233758321008704861e+00
-4.828864010349694785e-02
-2.018735505170327738e+00
1.301323339601622442e-01
-1.036857581756107649e+00
1.764518692425154078e-01
-1.369901559765668742e+00
-1.055872624691478245e+00
