-6.028405705540794690e-01
-7.827598670524213986e-01
-6.252405505240238304e-01
6.079492085360311826e-01
-4.245710534806348413e+00
-8.124580920119671035e+00
-3.335101203270889325e+00
-3.447258321356932997e-01
-7.379536973964970770e-01
-5.803126048090673228e-01
-6.868457692137481807e+00
-4.237768062250330203e+00
-1.333030031138739524e+00
-1.601007113077034694e+00
-3.692009259801643406e+00
-1.532163573040857596e+00
-2.481354026710754113e+00
-1.762188808533330597e+00
-1.017669967274067222e+00
-1.191488880455599864e+00
