-6.930090726915026922e-01
-8.610236996164554180e-01
-4.764161795822865475e-01
6.979297030416854453e-01
-2.550145570976022125e+00
-1.729609681239398622e+00
-1.299981691500205372e+00
-1.163393298100890982e+00
-3.844341165189993359e-01
-5.226487053708028796e-01
-3.981466305767167313e+00
-5.076974152776779547e+00
-1.815450796209335138e+00
-1.112929478406843087e+00
-3.267103495661916046e+00
-1.385783552812794639e+00
-2.055615973044071509e+00
-2.333709072260588435e+00
-1.420578734619911465e+00
-1.370372244880534218e+00
