-5.691884193633370836e-01
-8.580475749354519177e-01
-5.315259909819888273e-01
5.457281307391220748e-01
-1.845283157261097262e+00
-1.468257980779497984e+00
-1.677906619456346782e+00
-1.008784254817746806e+00
-1.129798587959744305e+00
-8.678111616003937323e-01
-3.159256435746495395e+00
-2.783228979157970073e+00
-8.678111616003947315e-01
-4.605170185988090914e+00
-1.353990000011251915e+00
-1.107146189168336736e+00
-2.427622484501610334e+00
-1.152429768122006370e+00
-1.481772331542164478e+00
-1.613782601547889994e+00
-1.107292162673135349e+00
-9.867368910149709738e-01
