-7.153405782797318535e-01
-7.235002018206677654e-01
-5.622578870549248542e-01
8.083351371528623153e-01
-5.108256237659907217e-01
-1.159664301365516970e+01
-1.693370721344940266e+00
-4.622039731087737913e+00
-3.289024663121802750e+00
-2.016549458011169804e+00
-3.480031102415260147e+00
-1.687491739772865040e+00
-1.672151174189472345e+00
-2.787755569538304279e+00
-2.481591146794110525e+00
-1.205643752336333385e+01
-1.721374095889649514e+00
-2.970424820519194320e+00
-3.104085342386410318e+00
-1.677268778117364523e+00
-1.525162189705304483e+00
