-6.750152179722981316e-01
-8.807333055649319009e-01
-5.353855250022352408e-01
4.653291553588848606e-01
-1.858187282651651451e+00
-5.108256237659907217e-01
-1.987839091085768572e+01
-1.928900792536923647e-01
-1.939670782048654729e+01
-4.017876253043261570e-01
-3.607421873127900191e+00
-5.698023839788530776e-01
-5.666945776358117692e-01
-6.968375773143506979e-01
-1.597892631621790294e+01
-2.245371902263293695e-01
-2.295530941030945904e+00
-1.340609391033603881e+00
-2.438549480551432114e-01
-1.851495508399106926e-01
-1.086700607504740734e+00
-1.141396351949639953e+00
