-6.732322802754721058e-01
-8.271370628204858244e-01
-5.581185794268055389e-01
2.430172552606184866e-01
-1.991969816388739600e+00
-5.108256237659907217e-01
-1.028677445126194456e+01
2.581326654708867574e-01
-5.343934294185707756e+00
-8.940277641787727214e-01
-3.007657800878092313e+00
-2.542910049913045700e+00
-5.643539625927438408e-01
-3.516777646016155390e-01
-9.450436142490392655e+00
-2.087245859615461940e-01
-5.667195711160920801e+00
-2.300493973374317380e-01
-3.113885866402025249e-01
-2.313930624137990055e-01
-1.500207559748175934e-01
-1.605302866773802295e-01
