-7.217442554363941998e-01
-6.911847126454205847e-01
-5.775804018324142142e-01
7.800293376115755573e-01
-2.747165481756049132e+00
-2.600529358512708722e+00
-2.456464412738070813e+00
-1.457105926335196200e+00
-1.042296651003190799e+00
-1.017668853961362307e+00
-3.037473423181985765e+00
-3.938787703254157169e+00
-1.358750623063999408e+00
-1.129783408164490632e+00
-3.839028704450948126e+00
-1.992688452045658920e+00
-2.178896733348290926e+00
-1.977256414151872921e+00
-2.192132565775844810e+00
-1.135692793966783132e+00
