-7.402970663436517773e-01
-8.595561710887706930e-01
-4.527323701675904921e-01
7.995759127018877699e-01
-3.106559846821901338e+00
-5.108256237659907217e-01
-1.483194552250589604e+00
-1.044832591785212594e+00
-8.438956562430682817e-01
-4.363568692792569870e-01
-3.290180823585384218e+00
-3.028799366391121239e+00
-4.689943612021049146e-01
-7.415484152159212972e-01
-1.517888003424025190e+00
-1.552674497956262334e+00
-2.664622240564851197e+00
-1.570370567120393801e+00
-2.233313780072251120e+00
-2.180441315941549885e+00
-1.199656205606116410e+00
-1.242156388246846932e+00
