-7.716422189828184841e-01
-8.458709195780537149e-01
-5.878995566186122623e-01
4.865814150887640688e-01
-1.898991561463659883e+00
-1.448761312395830503e+00
-8.215618321548242564e-01
-1.210228901938576129e+00
-8.826001315966890415e-01
-1.587775779767084616e+00
-1.257779489396790140e+01
-2.965969168190109251e+00
-4.901353657512689255e-01
-7.633213816371381411e-01
-1.379440584957209337e+00
-1.671312383179783589e+00
-2.965969168190109251e+00
-1.083100269768104695e+00
-2.236606052080685192e+00
-1.531965232441893310e+00
-1.011689097387431291e+00
