-6.528082703971751499e-01
-7.940339610169793172e-01
-5.624808604155205893e-01
5.910447322189508190e-01
-2.310554303081834515e+00
-1.523880877175250781e+00
-1.420310628252760887e+00
-1.063352504506641649e+00
-2.924403405093594643e-01
-1.226355189514157340e+00
-1.236690840019173621e+01
-3.070843153962066641e+00
-1.035331340913653975e+00
7.195919201458494951e-01
-1.536281948089739613e+00
-1.350889459740949539e+00
-2.682296443660210805e+00
-1.200642065638805489e+00
-1.989885353054791306e+00
-1.247851203656158869e+00
-1.300195872297847499e+00
-8.785929596007155951e-01
