-6.555933096693365991e-01
-8.591508976107924411e-01
-5.173509241489335775e-01
4.842609232246726236e-01
-2.047876326756515208e+00
-9.582534160911770904e-01
-1.988366336304895121e+00
-3.297845571165672340e-01
-5.347467373042377181e-01
-2.903666053764235588e+00
-3.984099277553167173e+00
-3.963923700673034123e+00
-1.881457157809362513e-01
-5.587246390777801386e-01
-2.611558048148713063e+00
-1.178400139896709886e+00
-2.491793790760532090e+00
-1.303253412774306064e+00
-8.781857707090525711e-01
3.587814268850132438e-01
-1.154063516782104504e+00
-1.204195339671741527e+00
