-6.770324327549769317e-01
-7.799585673637350336e-01
-5.323416163582276317e-01
5.143355902505091226e-01
-2.726030232589636615e+00
-4.624613669364615598e-01
-1.414271342162185530e+00
-7.430784901811257059e-01
-1.205310048110819432e+00
-1.912066989606669098e+00
-3.399548319696960696e+00
-4.303380555958093545e+00
-9.561784961975118291e-01
-1.122604742209569295e+00
-2.497414434175817544e+00
-1.603713964733468833e+00
-3.142831309262018813e+00
-1.871234463206595589e+00
-1.719876354295871268e+00
-2.265926687118599014e-01
-1.208162155131352611e+00
-1.992979853509214971e-01
