-7.426893362526040265e-01
-8.681565604156946669e-01
-5.416486074739450540e-01
4.748761731198857805e-01
-1.671992168343699126e+00
-1.304892732553307733e+00
-3.643092063659255642e-01
-4.074121559821840544e-01
-1.120847071909477854e+00
-1.184380522693824073e-01
-2.654023973560784455e+00
-2.538283254308872916e+00
-1.956049044344235099e+00
-7.817574045490536250e-01
-3.108365978400675189e+00
-5.793115417444298920e-01
-9.576382009455693956e-01
-1.404214829607292048e+00
-8.194018343569495766e-01
-4.390025766251892114e-01
