-6.826176474512283265e-01
-6.910727990814407029e-01
-5.951437582132542703e-01
7.493713225526917876e-01
-2.829254812187391721e+00
-1.922953003600191391e+00
-5.433019305192849924e-01
-7.493860715022607755e-01
-3.708756818940732169e-01
-1.430074614648089604e+00
-3.240686406336222181e+00
-3.630960420056922988e+00
-8.496938324522286257e-01
-1.247830687396961347e+00
-1.100677358541956030e+00
-1.332840805982987709e+00
-2.634838721873359546e+00
-1.982252819954369194e+00
-1.455864270136322469e+00
-1.124622772954104288e+00
