-6.441122194421203817e-01
-8.765850744639602787e-01
-6.493081992062448293e-01
4.739586485943289018e-01
-2.129095788468415407e+00
-3.418679149151703789e-01
-1.641067859257556050e+00
-3.982160947616925073e-01
-7.261534535025888637e-01
-1.434515485365552845e+00
-2.482009599663435040e+00
-3.522349694202936199e+00
-8.800723552061560095e-01
-1.038878121105037300e+00
-2.853485795159224292e+00
-1.505143093185993042e+00
-2.769295152778143976e+00
-1.893235326577514588e+00
-1.305416551047683393e+00
-1.513384083428021554e-01
-1.238022521301129997e+00
-2.759678903588186349e-01
