3.200000000000000000e+02
1.143331555260127946e-01
1.990931494832658855e+00
8.861102451087442267e-02
0.000000000000000000e+00
7.339900490497967833e-02
9.543852835774206678e-02
6.298776078464653205e-02
4.215393555462425973e-02
8.439620363085759136e-02
8.610204169684336495e-02
6.341825003775698744e-02
5.547615564890693435e-02
5.542889214931216724e-02
4.951560198083829883e-02
4.322271713474052507e-02
5.086430984533685945e-02
6.067196149722101084e-02
6.972626983035998260e-02
7.034999999999999432e+01
7.034999999999999432e+01
1.691999999999999886e+02
1.581999999999999886e+02
1.976999999999999886e+02
2.009499999999999886e+02
1.883499999999999943e+02
1.803499999999999943e+02
2.006500000000000057e+02
2.008499999999999943e+02
2.055000000000000000e+02
2.070999999999999943e+02
2.088000000000000114e+02
2.123000000000000114e+02
2.109000000000000057e+02
2.089000000000000057e+02
6.852795195864561428e+00
0.000000000000000000e+00
1.987007661530077485e+01
8.662189491611187009e+00
4.617234954156240355e-04
1.483321789538804225e+00
1.492907776672831233e+01
1.407695536480483511e+01
5.882651629348471189e+00
9.353884423891454247e+00
2.620291030933836751e+00
4.139562977050292858e+00
2.014249824196460814e+00
9.527816137345570979e+00
8.169704763409191273e+00
7.439262959851943080e+00
4.489278853443364747e-01
7.970634992594960444e-01
7.698833009088690282e-01
2.871148476976960184e-01
1.855801471921967943e-05
8.780609175441572711e-02
4.706526959276404742e-01
4.530183513635387405e-01
2.310531857475422723e-01
4.177608338807006216e-01
1.151440753603322903e-01
2.016363702721846729e-01
1.114211474106945876e-01
4.346249594766473101e-01
3.202666015759452200e-01
2.550879314728522473e-01
1.722675241851405872e+02
0.000000000000000000e+00
3.516288253710548020e+02
3.161173219538985677e+02
3.949974486581638757e+02
4.007491427615555608e+02
3.758456414879673275e+02
3.608938559927196366e+02
4.014642846914132974e+02
4.036062846675497440e+02
4.105553682738255930e+02
4.146136155477565239e+02
4.182477787849215929e+02
4.309883673617299564e+02
4.204425632930131087e+02
4.182573349759790062e+02
