-6.983234713250151549e-01
-8.404944435206089803e-01
-5.535744999796839982e-01
6.238387400536876681e-01
-3.124349279099664756e+00
-5.108256237659907217e-01
-2.064671702199493364e+00
-3.080154629282111922e-01
-1.101660681044437373e+00
-1.473882634946940717e+00
-3.539954158404306384e+00
-3.323303553538591082e+00
-7.525629293289781696e-01
-9.155100125160073876e-01
-1.412925089445480342e+00
-1.382834153661845145e+00
-2.990099324278086002e+00
-1.641351821552193169e+00
-2.183781198887555064e+00
-2.087797858625344283e+00
-1.292127576452438475e+00
-1.016977369955121446e+00
