-6.806520699669680319e-01
-7.953692328612850249e-01
-6.237268057818111666e-01
4.600566846530912413e-01
-3.413424672906833379e+00
-1.706352414322608979e+00
-1.624763518626189196e+01
-1.169449765802654528e-01
-1.561575488860833616e+01
-1.360560098546279573e+00
-1.305733901861414203e+01
-1.300490643146662295e+00
-6.092654899890889153e-01
-8.389893879586368675e-01
-5.993707860610516747e+00
-7.167974697888340740e-01
-2.980994175607411201e+00
-1.527027778566697691e+00
-8.008986302396723378e-01
-8.461298016457658999e-01
-1.651475870987154426e+00
-8.901639184016355566e-01
