-7.396952202613000793e-01
-8.389981671762670734e-01
-4.676358878404047736e-01
7.846637788388107770e-01
-2.670208737951062172e+00
-5.049337372568085680e-01
-1.010954407308048753e+00
-1.842494502136099888e+00
-9.771041050955086016e-01
-6.225200308701371865e-01
-7.893755581787625708e+00
-2.702271768895075699e+00
-6.665172804650735250e-01
-1.090177122315041602e+00
7.149834575573842110e-02
-1.923448676618594533e+00
-3.974507742092702856e+00
-1.680921898837121287e+00
-2.248966271503292980e+00
-2.723359191297253901e+00
-1.372622565378792014e+00
1.398009909782946814e-01
