-6.544868495541167341e-01
-8.583193980276563329e-01
-6.514202307810045278e-01
4.230695295195698868e-01
-2.090775121672395986e+00
-3.074739780932095878e-01
-7.647208241865340872e-01
-4.768441760904733040e-01
-1.488630529005571246e+00
-1.033323171967164278e+01
-3.125275258395871170e+00
-2.468855942525607805e+00
-1.204886225270917821e+00
-4.008018138701821553e-01
-3.663460723900861193e+00
-5.007121249943942143e-01
-2.483951050843810293e+00
-2.048321318423442783e+00
-1.169936759790236813e+00
-2.450391775574306541e-01
-1.270848496616894030e+00
-2.860477585659566002e-01
