-6.556444254602322719e-01
-9.248148530943856027e-01
-4.104942664088750970e-01
7.135083983020897858e-01
-2.569786024908359945e+00
-1.605538673342014500e+00
-7.001895338183155015e-01
-1.216900025276289821e+00
-3.116746673130516010e-01
-1.424831654740695841e+00
-4.324916091245148309e+00
-4.426551300556881507e+00
-6.323081918307381644e-01
-1.241632840377659086e+00
-8.529021593075853946e-01
-1.312321661626686842e+00
-3.196426415453782255e+00
-1.354017485516904484e+00
-1.241661369649105229e+00
-5.602563892655529898e-01
