-6.728355582375027399e-01
-6.813124187748512695e-01
-5.978418151203317432e-01
7.612580039975392898e-01
-5.108256237659907217e-01
-4.737499844650923109e+00
-1.962295633624069779e+00
-1.978330053643157616e+00
-4.085834952782254170e+00
-1.174937066532174157e+01
-3.873761670426779880e+00
-1.785676196811028404e+00
-1.001854307805218447e+00
-1.389775454588136006e+00
-2.328071868112169263e+00
-3.832233710634527224e+00
-2.355877991358568568e+00
-3.031331183718649847e+00
-2.522384407691830699e+00
-2.461262428090901455e+00
-2.244090311855856168e+00
