-6.545310830958707138e-01
-8.006708116748288973e-01
-5.064021481880454090e-01
3.177530466936423492e-01
-2.150984747386369911e+00
-8.173128358541782712e-02
-3.201137368814263340e+01
-1.016715470942922916e+00
-3.378142486069382611e-01
-4.247631286608399392e+00
-1.876453213264623798e+01
-2.831141431998592584e+00
-1.359965916655005713e-01
-2.937313874857649942e-01
-1.420002865994167962e+01
-1.484257063271681720e-01
-1.256243008740316647e+01
-1.839040064518122852e+00
-2.032801720569099135e+00
4.695202743205081353e-01
2.803830626823031191e-01
-1.912881129808517322e+00
