-7.361181062635502315e-01
-6.483463910911996253e-01
-5.701124998114444065e-01
1.041020429074958731e+00
1.175474665520684914e+00
-1.655874525924073914e+00
-9.000000000000000000e+00
-3.065451063780716190e+00
-1.001194144910328276e+01
-4.332054881432063631e+00
-1.409653002982547498e+01
-2.181685496593574136e+00
-2.056421256750351478e+00
-4.604215087937061135e+00
-3.394239460530435792e+00
-5.214180479288964776e+00
-3.794114110340137458e+00
-1.764955364952844663e+00
-3.195409376092683384e+00
-3.567322233433246392e+00
-1.637422028848032785e+00
