-7.249495934262840668e-01
-1.102423485554031801e+00
-4.689078687774467236e-01
3.780876340000932645e-01
-1.942214260291325045e+00
-5.108256237659907217e-01
-1.114757149561166782e+00
-1.026231980774893859e+00
-1.061283224194059738e+00
-9.813275956101853437e-01
-3.123229755185404244e+00
-3.526534440999754327e+00
-3.938667907602165785e-01
-8.774309897698822081e-01
-1.057141957421294354e+00
-8.724299935524040261e-01
-3.206886742157570414e+00
-8.816633764178463117e-01
-1.203362637656866241e+00
-9.095196044911071365e-01
-1.018731016163139325e+00
-6.452919048213223707e-01
