-7.162736215637567350e-01
-6.730434124806335960e-01
-6.206816802183566795e-01
7.377260384591748377e-01
-5.108256237659907217e-01
-5.492549180425538857e+00
-1.866022040446682739e+00
-2.516364123444402079e+00
-3.492948761557369775e+00
-1.090015130587486425e+01
-3.654389126761449447e+00
-1.706457066354111651e+00
-1.889449349596441285e+00
-1.627311398910460394e+00
-2.111850421668395761e+00
-8.010734562195604980e+00
-2.030457646994449306e+00
-2.706119693153592909e+00
-2.788330988911143837e+00
-1.105501957517155187e+00
-1.890742011241199227e+00
