-7.364681137605121330e-01
-7.028988170553059911e-01
-6.236518361153984280e-01
8.254013712707559680e-01
-5.108256237659907217e-01
-5.486076186687200540e+00
-1.777274807356084896e+00
-2.911670421637174488e+00
-3.528365936783400159e+00
-5.854524295735365591e+00
-3.753131290267132769e+00
-1.884767175131712547e+00
-1.986073989403015272e+00
-2.505668722353495248e+00
-1.767323020059117455e+00
-4.865165990550496922e+00
-2.520154469764604777e+00
-3.282185607467547950e+00
-3.427542796596058317e+00
-2.462044736072697582e+00
-1.642025619448746587e+00
