-6.252030245447006696e-01
-8.183230557837383179e-01
-6.441899974677779417e-01
6.406882714716357619e-01
-1.975138878318896785e+00
-5.083977818087885847e-01
-1.846669561606326226e+00
-5.998243870574211378e-01
-5.898802764961890155e-01
-4.625688489898634792e+00
-2.929614603965879471e+00
-1.396066046631448465e+01
-2.199142673856289629e-02
-2.447299482608957799e-01
-3.001193008040069721e+00
-1.013549058616152854e+00
-2.325172547066125528e+00
1.734930321059657832e-01
-1.164875203187603070e+00
2.315214043615592132e-01
-1.386239384971315269e+00
-1.021975654165347080e+00
