-6.535997296516553590e-01
-9.692405805140501540e-01
-4.863043090605780883e-01
9.966372842380890607e-01
-5.912378452942656182e+00
-1.274811084698675323e+00
-1.851770607777602606e+00
-6.821901509672128050e-01
-9.612080435704002390e-01
-1.214926341566488599e+00
-1.104064635668898298e+01
-3.058974917539287741e+00
-7.771996640370291143e-01
-1.098944931072417974e+00
-1.922244458049381155e+00
-1.819072558846469123e+00
-3.537677996132404079e+00
-1.927658597151094444e+00
-2.195429716405345122e+00
-1.912294916006693546e+00
-1.343481339213983272e+00
-1.367033246311248451e+00
