-6.395278029016570054e-01
-8.230464713439200608e-01
-5.741062256432788447e-01
8.118976530800686708e-01
-2.628767507230655109e+00
-1.758725743241862816e+00
-3.981527868024455907e-01
-2.192232757318357539e+00
-5.012407666503789772e-01
1.970585654619264396e-02
-1.354237330163073061e+01
-1.481792576864006072e+01
-1.260731139887777408e+00
-1.391280354401724262e+00
-3.033270888131126775e+00
-1.584420712255638408e+00
-1.999632469727572026e+00
-1.662899509021234845e+00
-1.023807994670843380e+00
-9.664154337095992586e-01
