-6.404794097393724517e-01
-6.195496664683972643e-01
-6.269209865976276275e-01
9.471657849303295462e-01
-5.108256237659907217e-01
-5.147651944988262507e+00
-1.587624631857042834e+00
-1.711279219505509985e+00
-3.674267654131488037e+00
-5.786495610828307434e+00
-3.496100278632515046e+00
-1.422553549262129735e+00
-1.498529411539096801e+00
-3.739938566520763175e+00
-2.522426021620690406e+00
-3.721852600631669894e+00
-2.819150395133696474e+00
-2.174985191077806856e+00
-8.360482715700461309e-01
-2.289742317882863532e+00
-2.101486673540136074e+00
