-6.664727046812408684e-01
-7.270607837923197536e-01
-5.532494622027213094e-01
6.055476682756130158e-01
-2.264514496566701673e+00
-1.811017093226645391e+00
-1.784558461888338776e+00
-5.281289735850637213e-01
-4.782067594777254516e-01
-2.601361281767333028e-02
-3.707422083064156215e+00
-2.134164803359487550e+00
-1.173761617001239710e+00
-1.369494783939233962e+00
-2.159821602523873896e+00
-1.486777068304107496e+00
-2.331601724882119697e+00
-1.163353911208471203e+00
-9.810144601032854128e-01
-8.582996354984512299e-01
