-6.665568019023846436e-01
-8.102810114431732158e-01
-4.918523773330542581e-01
2.269411345971805438e-01
-2.258492418018348324e+00
-3.524811500837220501e-01
-1.234520100933020892e+01
-7.129232671052000425e-01
-2.646785364031491561e+00
-3.224167024843117790e+00
-4.104972324433185937e-01
-3.482496106240206557e-01
-7.497743142192296872e-01
-3.208649457392928617e-01
-1.318636168868331993e+01
-1.618519718269035401e+00
-1.007463597332786698e+01
-1.740965854666579160e+00
2.361891752548997692e-01
-7.249052553721599956e-01
3.481734271311185958e-01
-1.880552499279704914e+00
