-7.381906103745100589e-01
-7.814238265513510084e-01
-6.546480393104888718e-01
4.547183772492426335e-01
-2.082950545472220583e+00
-1.108769809767786718e+00
-1.316905298221722864e+00
-5.040447178660443228e-01
-1.146025361910609996e+00
-1.722856275877927779e+00
-3.075291697365976074e+00
-2.341032485404157093e+00
-6.386185430613454672e-01
-3.796111023709333732e-01
-1.506256877716159348e+00
-9.204836000600086221e-01
-2.984424271515714100e+00
-1.219084263638361421e+00
-1.344470318867178937e+00
-1.809564525763053711e+00
-1.007126464531369781e+00
-9.413816314067159352e-01
