-6.785800488234690064e-01
-7.451502226750712499e-01
-6.008454394912796648e-01
5.398055476021096366e-01
-1.611513198887808196e+00
-1.864177503177088191e+00
-6.336103627992726306e-01
-5.999303158702342653e-01
-1.299565353812086599e-01
-6.993360126891154938e-01
-4.574591861388191738e+00
-2.571204805547002259e+00
-4.423307726526993222e-01
-4.206646164425014711e-01
-7.761520000187488444e-01
-6.053183827794816896e-01
-5.792767746473348467e-01
-7.328846458779112449e-01
-1.608420085571582003e+00
-1.062002998957871425e+00
