-6.953374676052272996e-01
-8.136322193551661641e-01
-4.909706604427296339e-01
5.452654725063117436e-01
-2.946420297686175971e+00
-4.763138506831874897e-01
-6.984887331209931327e-01
-8.087314289197289341e-01
-2.188421883665090828e+00
-4.592167182183255925e+00
-1.020235157313538110e+01
-9.745792960380368797e+00
-1.005781460992653642e+00
-1.940425091042540795e-01
-5.086925163449859788e+00
-8.092060712252969745e-01
-7.851608487638401357e+00
-2.194373246589143456e+00
-1.663835194234653814e-01
-1.345081767944452444e+00
-1.896047338721479347e+00
-7.649543084250562397e-02
