-7.364737611515249638e-01
-7.578284276164123368e-01
-3.786102945132381881e-01
7.326241951361659455e-01
-2.478196324411256146e+00
-5.108256237659907217e-01
-1.690816942005596069e+00
-9.776770427618559633e-01
-7.129373932268414649e-01
-1.473745301987450462e+00
-4.577749374843822494e+00
-2.606443243158653278e+00
-3.814518088377273353e-01
-6.258812260520115744e-01
-1.413090705602727759e+00
-1.141593515201438924e+00
-2.385373385442127958e+00
-1.016795475686903316e+00
-1.715654672980373663e+00
-1.736592890840531700e+00
-1.012147355920847813e+00
-7.046397218971816034e-01
