-6.608165191905861491e-01
-7.662894389984805654e-01
-6.205918065224661495e-01
3.960791144498000405e-01
-2.142996799543473330e+00
-5.108256237659907217e-01
-6.641080284977215697e+00
-4.229838745776734465e-01
-6.300728988065347203e-01
-3.282039553107144236e+00
-4.031184356719844430e+00
-3.949739196275362296e+00
-3.427353264565525248e-01
-1.961240532166967643e-01
-5.455987637630457243e+00
-1.100324454967528176e+00
-3.035155293879853833e+00
-1.162188578100334713e+00
2.996394108273003343e-01
-7.137170869125835093e-01
-5.044049325575301612e-01
2.998422499512957140e-01
