-7.284081885134042755e-01
-6.694019376449704684e-01
-8.029861466967370687e-01
9.457106050529632268e-01
-5.108256237659907217e-01
-6.384713086397743709e+00
-1.531181750229269056e+00
-2.447563288772055312e+00
-2.597498190724330414e+00
-4.566685404394293712e+00
-3.830978250224677861e+00
-2.150217890744604343e+00
-2.197915633363909826e+00
-4.349102102436046557e+00
-2.529608249146753529e+00
-4.384340521075285046e+00
-2.694749943713762086e+00
-2.216915678876803852e+00
-1.607133077059266890e+00
-2.275667469726785797e+00
-1.620588669787407232e+00
