-6.519284699642434733e-01
-7.768729989131124558e-01
-5.295266668004530164e-01
4.111731264830920662e-01
-2.031096626723617682e+00
-5.108256237659907217e-01
-1.406699135718081806e+00
-6.472181348812086066e-01
-1.683226218911306304e+00
-1.163427745925655676e+00
-1.302971675168650423e+00
-3.354458641815068809e+00
-5.811491630334276737e-01
-5.626585617120500871e-01
-1.568052780507999788e+00
-1.363819368265094090e+00
-4.341970881856202169e+00
-6.809147313778353139e-01
-1.785272197449832898e+00
-1.196997630228216369e+00
-4.116875621980283229e-01
-5.081139256941167304e-01
