-6.675592852846414793e-01
-9.646654890982613306e-01
-4.786223707798799576e-01
8.924073029985987171e-01
-6.144446457742704482e+00
-2.624736295384318741e+00
-2.921220175169669986e+01
-2.899841745070645960e-01
-3.360764608726686475e+01
-5.564285769420899141e-01
-1.511726574617597230e+01
-2.030746307516679749e+01
-6.910067092766143393e-01
-9.743288397070275497e-01
-1.138501921555231000e+00
-9.181578579166141951e-01
-1.438296771058176438e+00
-1.013949922907463552e+00
-2.082254763121902830e+00
-1.856320747827421735e+00
-1.554099663372105145e+00
-1.082122219091214532e+00
