-6.341727231054838931e-01
-6.943342212662558799e-01
-6.734052844209988953e-01
4.844049063769561014e-01
-2.329004784319560706e+00
-1.410393091264854792e+00
-1.383953747754410157e+00
-5.794214521709665222e-01
-1.112122326313947474e+00
-2.070420945090660325e+00
-3.225332020826324531e+00
-3.021939128594547164e+00
-8.221639118393074819e-01
-9.464491742304596000e-01
-9.913978865401201768e-01
-1.098353951542134332e+00
-2.752419735681318702e+00
-1.488190132095611018e+00
-1.140091288290789429e+00
-1.111887348192820646e+00
