-6.583827201738519097e-01
-8.020907940264589975e-01
-5.979828647410161402e-01
7.224270977762020651e-01
-3.502267970670749797e+00
-1.472355572642381816e+00
-9.266277592001367358e-01
-6.112771947649765503e-01
-8.363614772681351450e-01
-1.962124290380141245e+00
-2.219550009951761993e+00
-3.831720862557895568e+00
-6.467195846557216576e-01
1.560359469499427387e+00
-1.374188975476032804e+00
-1.634550349743709496e+00
-4.679867341209247300e+00
-1.662266571148616867e+00
-2.086621431329283904e+00
-2.201319604733038560e+00
-1.892495383480113258e+00
-1.262474960773704691e+00
