-6.583476914907110400e-01
-8.021328738248884038e-01
-5.979984573315901830e-01
7.225205525016823449e-01
-3.501815426901750961e+00
-1.473378432431897922e+00
-9.277855262670123837e-01
-6.102997099756720667e-01
-8.366644593704659627e-01
-1.965084637843943050e+00
-2.220621197310000738e+00
-3.829239433691338235e+00
-6.471119810709993203e-01
1.560071431535202890e+00
-1.374005611955016359e+00
-1.634122450488091349e+00
-4.678251439524750310e+00
-1.662206781268546818e+00
-2.087185490575393931e+00
-2.200917737373767391e+00
-1.892632073053519548e+00
-1.262169151473674145e+00
