-7.063568105271840203e-01
-9.616886308984390341e-01
-5.105035260796321195e-01
6.713236543805086720e-01
-2.367005436276940600e+00
-1.691935300947942089e+00
-1.178239797189332805e+00
-4.412481318156204479e-01
-5.778268401038978430e-01
-2.108634479871251410e-01
-2.706122155823104780e+00
-2.756751663999847946e+00
-1.140491993506205004e+00
-1.141266052561878297e+00
-3.010046020970301939e+00
-1.461073678813577414e+00
-2.155638521211920011e+00
-1.777165045635386464e+00
-1.152397346613680096e+00
-9.058444527910909372e-01
