-5.976786883322102728e-01
-5.977266738855003814e-01
-6.319590842375986117e-01
7.034065167198821911e-01
-2.254304608362580176e+00
-2.542116513111124299e+00
-1.176301959984508150e+00
-6.179059153178030339e-01
-1.043627538976142688e+00
-1.521845784842451144e+00
-2.909292919079565998e+00
-3.080539035943743897e+00
-6.049779233252199351e-01
-6.625827798698414872e-01
-1.286507270524406055e+00
-1.209033317915503503e+00
-3.226941297756757088e+00
-1.431346042017985321e+00
-1.503744365515908177e+00
-1.162301274932735939e+00
-1.134440782074812581e+00
-9.712799236819606996e-01
