-6.645883855864807011e-01
-7.623815204036092918e-01
-6.358020092278474644e-01
4.490753207055204754e-01
-2.015787450118921686e+00
-6.542684696032207148e-01
-2.196698595499105622e+00
-6.799219271855596602e-01
-6.090117024786533273e-01
-2.693358793651249083e+00
-3.427405052684513453e+00
-4.254600014316805456e+00
-4.857047497166000483e-01
-2.398081132753232259e-01
-3.042893135675683869e+00
-1.415820374709164664e+00
-3.260365406171799485e+00
-1.479734990921881321e+00
1.505580596691537820e-01
-1.060792525150850096e+00
-6.817357843839548792e-01
1.718243280957071628e-01
