-6.663536390894140293e-01
-7.829694371805037134e-01
-5.775869637973626292e-01
2.936298808305110586e-01
-1.921873180572078121e+00
-3.758176248556535648e-01
-9.954349396020618634e-01
-2.045208581870254505e-01
-9.215931207162991745e-01
-1.928994355479101142e+00
-2.234503284243706478e+00
-4.011432212643589956e+00
-7.424374965527350545e-01
-4.929958127457333972e-01
-2.459498697429225000e+00
-1.102505934637385110e+00
-4.967216435204909963e+00
7.097835062140347984e-02
-1.380475125567429240e+00
5.045937861820083692e-02
1.262926274157215034e-01
-1.241321280057137377e+00
