-6.769271710660406116e-01
-7.796974490465198304e-01
-5.323051940824026218e-01
5.140110524130965253e-01
-2.726012415474958317e+00
-4.621927172147289320e-01
-1.412640819849132034e+00
-7.432046505775473655e-01
-1.205543909100535771e+00
-1.914357974418848363e+00
-3.403910336778674495e+00
-4.276999647580153052e+00
-9.565518405018349490e-01
-1.122669317627935648e+00
-2.500317317194441724e+00
-1.604523958692180674e+00
-3.140231288271273069e+00
-1.871689470053904625e+00
-1.718318961321970262e+00
-2.266607399069799078e-01
-1.208931351509651808e+00
-1.990604362265048499e-01
