-7.210697501619532934e-01
-7.021811889764314474e-01
-6.091934892289337933e-01
5.468456142535813580e-01
-3.636818106366845438e+00
-5.108256237659907217e-01
-2.252373184182437260e+00
-1.557251724283666983e-01
-1.118080565346124766e+00
-6.222927477300228549e-01
-2.753021775602713550e+00
-2.465534289862735928e+00
-1.226237017946452568e+00
1.304483538394259678e+00
-1.467758960650537903e+00
-1.656383217069115288e+00
-2.460848508699162274e+00
-1.513023345479501902e+00
-1.520959597412255393e+00
-1.888838098569264767e+00
-1.340842840974319827e+00
-1.363425770443191354e+00
