-6.357388359288250745e-01
-7.679202663162881803e-01
-6.314993484079832742e-01
2.198555515911037594e-01
-2.109661444519091322e+00
-3.336350882519845684e-01
-4.088030652899144357e+00
-8.076644476077832202e-01
-2.747427879033219611e+00
-2.364041222556025001e+00
-2.900357943623664170e+00
-2.017476886782604062e+00
-1.598112892428296350e+00
-1.866721860746539008e+00
-1.515065266173282854e+00
-1.220776859954962656e+00
-5.952798595391110226e+00
-2.460578108817826681e+00
-3.054141079399957270e+00
-1.676706113626805550e+00
-1.124876698984351053e+00
-5.243318063495595593e-01
