-7.506614683087651230e-01
-6.385036991894582625e-01
-7.113174463427611727e-01
9.360012041727591159e-01
-5.108256237659907217e-01
-1.032368092852004615e+01
-1.598686607711333751e+00
-5.069602949792421320e+00
-2.765922206629275237e+00
-3.907305585416671168e+00
-3.898634204629539468e+00
-1.690967047011570745e+00
-1.880049415137840851e+00
-4.586719117695239767e+00
-2.208989006446974379e+00
-5.374115751644933603e+00
-1.994378781899346587e+00
-2.128177001641021970e+00
-2.040322758436421413e+00
-1.646536008575975707e+00
-1.930648731201248802e+00
