-6.814184186107540286e-01
-8.454426456743359131e-01
-5.453316583976375309e-01
7.471352313251697908e-01
-2.383728720183420968e+00
-1.525599802270128036e+00
-1.662697690687326757e+00
-7.514737297816989070e-01
-9.656729999268218734e-01
-1.201782914047539119e+00
-2.828689455566000710e+00
-2.531298915080592682e+00
-4.333668506622442296e-01
-1.012559984077419095e+00
-1.296483582865396667e+00
-1.155722172170498663e+00
-7.677476552022106659e-01
-9.399372142445983069e-01
-1.742717622287563550e+00
-1.484920212700025166e+00
