-7.144151423156731573e-01
-7.080718236222174333e-01
-5.737037788707299857e-01
6.543657262953840315e-01
-2.431126103808955552e+00
-1.628131411863566136e+00
-1.545694869026793761e+00
-7.230676832300768631e-01
-9.811995464784538656e-01
-1.900966093840384286e+00
-3.257439765198530068e+00
-4.354444089822614217e+00
-7.312569047091541652e-01
-6.841867650300946513e-02
-1.106723061365157967e+00
-1.516342211699659437e+00
-1.129905456256365293e+00
-7.627359326546542251e-01
-1.828134458443755106e+00
-1.858603237895461113e+00
