-6.466950484103695107e-01
-7.649347002992654687e-01
-5.513402663369620926e-01
4.715602281786804850e-01
-1.971864182513630936e+00
-8.289881074525312643e-01
-5.222849860920768528e-01
-1.404857571439747765e+00
-1.243017964405011666e+00
-1.530331314747676030e+00
-2.235493420855246161e+00
-3.332246349324682111e+00
-6.845166702780797197e-01
-7.032613755304811809e-01
-1.675182214954238802e+00
-1.494541328704359406e+00
-5.141657197574315497e+00
-5.970286313397905609e-01
-1.986372888009918958e+00
-1.301545161700996545e+00
-3.520990388889761458e-01
-9.267292706501579769e-01
