-6.984275295836949171e-01
-7.930085017557424454e-01
-5.215797109689269684e-01
6.123334482958386893e-01
-3.280991929198896262e+00
-1.916105364134335076e+00
-1.577290761052179136e+00
-5.335126694762269972e-01
-1.061001217536587493e+00
-1.106127700451473128e+00
-2.936535304296357562e+00
-6.430835942941554251e+00
-7.656364715411045907e-01
-1.183267101101067587e+00
-1.983648803354910006e+00
-1.641167760892947802e+00
-4.100550463851227789e+00
-2.120344244666852340e+00
-2.433278688227605180e+00
-1.922415113737644177e+00
-1.701582444801815530e+00
-1.240743058046900993e+00
