-6.922529616832402422e-01
-7.987110628251012923e-01
-4.803328282787154291e-01
8.343421766131395856e-01
-2.835230918210160933e+00
-1.256412991894294340e+00
-1.691607461242713883e+00
-1.058867609199296789e+00
-7.411587299663325856e-01
-2.869000113170676047e-01
-3.201819199843532804e+00
-3.384576977146261711e+00
-1.613359338897057960e+00
-1.509903472714156925e+00
-2.510197314803857438e+00
-1.388643083875399586e+00
-2.245422103845629902e+00
-2.164217860230420065e+00
-1.324440923762874256e+00
-1.067616609657956461e+00
