-7.135552087639644991e-01
-7.807951526668216458e-01
-5.171498686230188158e-01
6.285195754406802671e-01
-2.457734800356486282e+00
-9.087148523917725207e-01
-3.833866235985179394e+00
-2.403459361606145872e-01
-2.201811103216418708e+00
-2.035081420473185077e+00
-1.562851606088294432e+00
-4.283757423392460240e+00
-1.735266064417202159e-01
-2.803513152166648426e-01
-4.725458914953033052e+00
-1.287414732016742613e+00
-1.170379685501934119e+01
-5.304602934295807870e-01
-1.067927324807739886e+00
-3.590027183622558904e-01
-9.097079783736153336e-02
-6.518423756589244444e-01
