-7.040915025458375220e-01
-7.982330970406749104e-01
-5.078600258800616274e-01
4.183660801606173263e-01
-2.012622724262540519e+00
-1.188853414238140838e+00
-1.129284884337241168e+00
-8.582845844465269991e-01
-1.057011828307445667e+00
-1.448006009946836814e+00
-3.196366501748611366e+00
-3.628053604583060032e+00
-8.293189065439042773e-01
-3.296672100667196736e-01
-1.301858771042753382e+00
-1.191020691526973430e+00
-3.628053604583060920e+00
-1.714351482998801801e+00
-1.456028599816129976e+00
-1.210689432783897068e+00
-6.186200611636064606e-01
