-6.440637835939937439e-01
-8.084643590126942003e-01
-4.813393536953918250e-01
6.561079015524474700e-01
-2.075547239146481093e+00
-1.853117023423713761e+00
-1.162942024052199042e+00
-6.512127891566427129e-01
-3.150184493153616594e-01
-5.292161679132681984e-01
-4.113711191023926794e+00
-3.107140821155502941e+00
-6.474395105973218545e-01
-5.430722716498486147e-01
-1.437031676015101844e+00
-1.261475882733986698e+00
-1.120978772527582823e+00
-1.652748269615346155e+00
-1.734518661539691031e+00
-1.303119814805129062e+00
