-6.851068060334783993e-01
-7.719750317563629505e-01
-5.272488313282455152e-01
5.660572094085049022e-01
-2.324788017093014858e+00
-1.407838669928481279e+00
-1.314525400742378780e+00
-1.065449131251483772e+00
-7.849224598646989959e-01
-1.337802140742419876e+00
-3.645856245449070165e+00
-3.476318902818235745e+00
-6.483420703343437674e-01
-5.189919925438505333e-01
-1.482975423856586428e+00
-1.415961587316553416e+00
-1.082424083513328306e+00
-1.493667010790625582e+00
-2.418926416096220500e+00
-1.926503973267619463e+00
