-6.088657316523630181e-01
-6.973679021216571128e-01
-6.039657045014187320e-01
6.080001895875302154e-01
-1.947666695510180457e+00
-8.290098912990985225e-01
-5.948246781047956677e-01
-5.143426328197066022e-01
-1.094433074066793354e+00
-4.808172509346492873e+00
-3.348476932261764905e+00
-2.736437980299661010e+00
-6.354611868936942409e-01
9.871461751893507303e-03
-3.776375256141341730e+00
-2.216582915001220899e-01
-2.852274315108847880e+00
-1.758417234222047876e+00
-1.020674838089593139e+00
5.520062756149800576e-01
-1.172150553317223842e+00
-9.554017590781069824e-01
