-7.262070601456923624e-01
-7.921219052894770130e-01
-6.885691091834187372e-01
7.333211134614169291e-01
-2.685849132475593315e+00
-1.931121926913188735e+00
-1.626743189660830202e+00
-1.123924034715324316e+00
-6.145000414035299841e-01
-4.178201184188895523e-01
-3.226589687174912680e+00
-3.435746567038504118e+00
-1.315939431285561234e+00
-1.454451112328156048e+00
-3.172926021534022034e+00
-1.669303390731898373e+00
-2.057066795859219699e+00
-1.937952860477618389e+00
-1.286230951120518995e+00
-9.186844742189816948e-01
