-7.381686930290803916e-01
-7.814174841261413151e-01
-6.546954390052451833e-01
4.547054669098351543e-01
-2.082949073604928980e+00
-1.108163340796795460e+00
-1.316536233943069512e+00
-5.046720113792108053e-01
-1.145873285693347565e+00
-1.722591689783464108e+00
-3.083576042216511492e+00
-2.342273211835218749e+00
-6.388130325194983916e-01
-3.795151966408256694e-01
-1.505231250900264328e+00
-9.203652879335131320e-01
-2.980652054061916356e+00
-1.219306785118268621e+00
-1.344377247440021739e+00
-1.810328885176386127e+00
-1.007286273665693566e+00
-9.419410678756808819e-01
