-7.118397980351583998e-01
-7.535722828188892164e-01
-6.132874651745487959e-01
8.256379974669744159e-01
-5.108256237659907217e-01
-1.060645479875993580e+01
-1.846314682237714555e+00
-4.547300180249705726e+00
-2.409665940956022823e+00
-3.416863636314497743e+00
-2.961306535848638344e+00
-2.312307011082827213e+00
-2.318203557232834111e+00
-1.124111001904216778e+01
-2.014831301134427211e+00
-5.939195517578570893e+00
-2.168795033110967996e+00
-1.970971444410036355e+00
-1.647664189216957009e+00
-2.035301387307280940e+00
-1.505856367211210634e+00
