-6.680344001504151530e-01
-6.726240251765527312e-01
-6.970813513536184836e-01
8.233672890838970027e-01
-2.361001242532620115e+00
-5.108256237659907217e-01
-1.652906466517753303e+00
-4.758545191849115619e-01
-6.977496759313781549e-01
-1.289071949232552416e+00
-2.972021386461062953e+00
-2.985150165600707783e+00
-5.550962655031719262e-01
-6.143820361095831961e-01
-1.216726499847083032e+00
-1.146415385818096544e+00
-2.611099078376218241e+00
-1.418996167459741331e+00
-1.361003092705750372e+00
-1.779627760627115807e+00
-8.834116184882165879e-01
-8.290095170498298360e-01
