-6.854896634400298172e-01
-7.388430490261335137e-01
-5.522426060533686121e-01
5.199566323291642256e-01
-2.251373214671753775e+00
-7.668488126697415863e-01
-4.456511762882516825e-01
-4.981292379789809543e-01
-1.265237149102820036e+00
-1.932418339556128739e+00
-3.023407939697235758e+00
-2.369150131780081825e+00
-7.809099045423070207e-01
-4.466021031636920324e-01
1.656883927030110559e-01
-6.353192599559338571e-01
-5.097106717375915252e+00
-1.419863405803599932e+00
-1.770849446137676919e+00
-2.458489071287265126e+00
3.456243699884662401e-01
-9.527419931385745500e-01
