-6.814696995935187740e-01
-8.452512560806207942e-01
-5.453241711909866396e-01
7.470200012854361082e-01
-2.383807456866958940e+00
-1.525407536862693370e+00
-1.662317059549080156e+00
-7.517366288280789011e-01
-9.655479879510211472e-01
-1.201899121133987558e+00
-2.832231681639254095e+00
-2.530195177290500030e+00
-4.337111753280226134e-01
-1.012238382931573533e+00
-1.296718541703562266e+00
-1.155550179437113023e+00
-7.676074034437817550e-01
-9.401423331162985786e-01
-1.742565263312705115e+00
-1.484612519937795971e+00
