-6.800013438858545367e-01
-7.219968772702967108e-01
-5.354990237555171673e-01
6.268125496276681918e-01
-2.702257401970024731e+00
-1.965492084660537264e+00
-1.189029028756677153e+00
-7.280736000095159310e-01
-9.208369999680752205e-01
-1.684126966508831869e+00
-3.176818639939555489e+00
-3.864049746138592756e+00
-7.381160963897952509e-01
-8.665721240466375264e-01
-1.480520223805911861e+00
-1.713263619125760195e+00
-1.038195459296676448e+00
-1.634391398038738119e+00
-2.364109881329176766e+00
-8.143864010903185680e-01
