-6.417583382991772778e-01
-7.874300783808170223e-01
-5.469732018339146240e-01
4.882203008988655335e-01
-2.177328229812056204e+00
-9.617749835499932454e-01
-2.828484611560357909e+00
-8.091248423487796826e-01
-2.502611631103858758e-01
-3.583165485306671449e+00
-6.369413240283023470e+00
-3.052992605779987656e+00
-3.349165303223232693e-01
7.203595825869135716e-01
1.239926484276510504e-01
-1.429221120065053530e+00
-2.921524653478482669e+00
-1.289378469879367328e+00
-2.192473755871884755e+00
-1.262577166683692687e+00
-1.289133330965759550e+00
-1.034795623673981702e+00
