-6.928566540381226879e-01
-8.860360777393487819e-01
-5.265457693587261012e-01
6.604650425478137965e-01
-2.803792569199087925e+00
-1.205192150079136493e+00
-2.767148375141596617e+00
-2.254105476375957984e-01
-9.881044384558815841e-01
-1.341958282861716700e+00
-2.853120150389393928e+00
-3.035479597570271082e+00
-9.127269713316243926e-01
-8.985414902822528305e-01
-1.521376350791092236e+00
-1.665124173906394667e+00
-3.043709411394171838e+00
-1.825788748205136036e+00
-2.463179369051968326e+00
-1.896918431873168887e+00
-1.283699252999001672e+00
-1.357977865696099462e+00
