-7.141437736323117402e-01
-9.307731512716674871e-01
-4.863332407242115796e-01
5.295920420492010727e-01
-2.163054221017784329e+00
-6.689195649375526687e-01
-2.212207280227626693e+00
-1.024581695867255865e-01
-1.969988155943541985e-01
-6.597794989142501620e+00
-8.727916944115477804e+00
-2.844524613920270895e+00
-3.354250805966572657e-01
-2.149063179744108154e-01
-1.730873913376598683e+00
5.698026158837825594e-01
-4.303212800233136015e+00
-1.557000519583744413e+00
-2.263144421221157110e+00
-1.050745987209557475e+00
-1.190037602188514843e+00
4.481676451083285162e-01
