-6.300594613916288278e-01
-7.443546058578849323e-01
-6.417105664070130722e-01
3.133170580755152423e-01
-1.776055679504729756e+00
8.586710534649824589e-02
-1.351001416220057427e+00
-1.971229035869690227e+00
-2.952682972505128234e+00
-1.943214521633909175e+00
-4.421755450306047663e+00
-4.625270735739270833e+00
-1.719736540343712816e+00
-2.205299233029058392e+00
-1.452301088523072936e+00
-2.150626989445998838e+00
-3.516940572392400988e+00
-2.889638912892388056e+00
-2.983739766672322435e+00
-1.880745230375254984e+00
-1.682106782625458097e+00
-7.659883903059883092e-01
