-6.769999656997407467e-01
-6.704006574256973217e-01
-6.596080475680322630e-01
5.231859736506875302e-01
-2.291152123793783968e+00
-1.904849806873973872e+00
-2.105392379689259297e+00
-1.149941876726461754e+00
-1.338667068441162789e+00
-5.657095710994501925e-01
-2.400538525347689411e+00
-3.155942470517951737e+00
-1.610360894387673936e+00
-1.437870346327543736e+00
-3.747320915311281198e+00
-1.851776152339828396e+00
-7.410882291166986935e-01
-1.705424746714923279e+00
-1.305000312197655665e+00
-5.111052249689261862e-01
