-7.008398164044777889e-01
-7.634485182116803603e-01
-5.219246697694177595e-01
8.011103412351388009e-01
-4.010164957065194713e+00
-1.754351143343602537e+00
-2.293301455450309945e+00
-9.146266810830150362e-01
-1.002961416414787754e+00
-3.192290687707149965e-01
-3.631855745628584486e+00
-2.452285408875717554e+00
-1.697170349251247989e+00
-1.491965369596328195e+00
-3.747896826515367152e+00
-1.705678944730740776e+00
-1.924652356544036769e+00
-2.001194398789945428e+00
-1.616251428647696997e+00
-8.596327279223526796e-01
