-7.381713351388244915e-01
-7.814092156570461301e-01
-6.546612466516903428e-01
4.547686595938824627e-01
-2.083046966124019850e+00
-1.108361991444857475e+00
-1.316067323449131576e+00
-5.044443252768654462e-01
-1.145731211134565219e+00
-1.723361194483799208e+00
-3.078889528244221907e+00
-2.342338772303288241e+00
-6.385434853899742969e-01
-3.794913216115033960e-01
-1.505284612788171161e+00
-9.205451014760798190e-01
-2.982054756329465039e+00
-1.218991583007766444e+00
-1.344261338295763553e+00
-1.809840624753499050e+00
-1.007162951708209464e+00
-9.418012171692212720e-01
