-7.272111429368677271e-01
-8.446946961182976166e-01
-5.585598814591375971e-01
5.836282358965599881e-01
-1.775440174401059945e+00
-5.823736459074877470e-01
-1.466504833751320458e+00
-9.439280309984443562e-01
-6.204530356529726065e-01
-3.839897674495502677e+00
-2.756896286867832835e+00
-3.191512982754402206e+00
-1.974348775628511354e-01
-5.504613070015742515e-01
-3.651196740742767677e+00
-1.164482801680008395e+00
-1.990926310230287433e+00
3.129541033868687983e-01
1.133841092450939836e-01
-1.383468015564097930e+00
-6.817779808649787610e-01
-7.390448583139784811e-01
