-6.982346095549393228e-01
-8.264714114408409085e-01
-5.380998651474022676e-01
5.775180835029365412e-01
-2.894423724548428112e+00
-1.445393859027910732e+00
-1.985770062697335137e+00
-2.565264834952999395e-01
-1.230543622093164702e+00
-2.289477006323436648e+00
-3.424676214749738268e+00
-3.042718462519730771e+00
-9.445022992795456540e-01
3.976089644667991641e-01
-7.951532453036906922e-01
-1.186958693011645360e+00
-2.728663577952064934e+00
-1.605105678671851610e+00
-1.181142350461229285e+00
-1.108148700168641421e+00
