-6.561415448608283185e-01
-8.179832757918826802e-01
-6.756145786114871044e-01
5.929060763947532342e-01
-2.198864169385002842e+00
-8.155620304752431160e-01
-1.040349245767147046e+00
-4.755688372488222071e-01
-8.108341852138476469e-01
-2.248214152829140833e+00
-3.265064324619200153e+00
-3.242235134334140678e+00
-8.863783952496118168e-01
-8.842431932216068269e-01
-1.614850888805112517e+00
-1.465793157452553785e+00
-2.845466739857336336e+00
-1.684472470088381746e+00
-1.811367989097412590e+00
-2.352169325586172199e+00
-1.034906840240533032e+00
-1.104379001741477406e+00
