-6.165148591595783767e-01
-7.721820958964853432e-01
-5.124959073877124460e-01
4.707654742685638549e-01
-2.583403597486987113e+00
-1.566678944877931468e+00
-2.408362491675317685e+00
-1.254170481458530828e+00
-7.557373695338517328e-01
-1.915550795375363657e+00
-4.627814569965048364e+00
-2.844019739035073879e+00
-8.318092235105420951e-01
-9.655416448587712530e-01
-1.141797970995226397e+00
-1.599678484349769558e+00
-3.161399148248097202e+00
-1.462681154006514550e+00
-1.112534895884475850e+00
-7.163277312442418721e-01
