-6.750393151742084541e-01
-8.768241229512445667e-01
-5.392619274596052170e-01
4.915097249972456561e-01
-1.881356807588561386e+00
-1.032123239104618007e+00
-2.388056101335499548e+01
-3.224319297304670817e-01
-1.938538117289824569e+01
-3.775646424887674213e-01
-6.449237274663127684e-01
-4.874220152853408483e-01
-6.682581575403135909e-01
-7.575700713049072776e-01
-1.251242618855320998e+01
-1.054427179957820426e+00
-2.408057168459670994e+00
-1.478792960463859218e+00
-1.051225329257436947e+00
2.642510543411293322e-01
-1.197478145479230038e+00
-1.244144811931271022e+00
