-7.233171248858256686e-01
-8.437119838424845808e-01
-5.590249894761425420e-01
5.925702136731276770e-01
-1.983783314029794909e+00
-5.108256237659907217e-01
-1.835682147366144878e+00
-6.868922444023674023e-01
-5.461460841698236868e-01
-1.662923650440126799e+00
-2.521641945280679753e+00
-2.010232430226524425e+00
-3.198942749214877534e-01
-6.824628866621365031e-01
-1.493308006562277246e+00
-1.113478695632132975e+00
-2.465338784120007176e+00
-9.922878807355904884e-01
-2.255480795490403256e+00
-1.780839707051192100e+00
-4.756985241944526877e-01
-5.869772966416031412e-01
