-6.785321242551205501e-01
-7.667918894434427868e-01
-6.401929496152810595e-01
4.520982496441284804e-01
-3.339575712967506327e+00
-5.108256237659907217e-01
-3.036833691982689931e+00
-2.130252743235691859e-01
-1.411944546235976761e+00
-1.635454581923983186e+00
-4.216261740490150345e+00
-3.544600768152205816e+00
-7.937175235024457320e-01
-8.487914846975931349e-01
-1.624760497479448507e+00
-1.416311749533990083e+00
-3.166296424015714095e+00
-1.447552607227101884e+00
-2.091845621032093927e+00
-2.437774829128391385e+00
-1.399385899806756983e+00
-9.442992056356538377e-01
