-6.058064519015678995e-01
-6.954439847736236802e-01
-6.153575688818604394e-01
6.051563677942427555e-01
-2.038824081564775348e+00
-1.247392125658968620e+00
-2.810223567934759803e+00
-2.862813089050767479e-01
-2.222099454293879062e-01
-2.762267017688628812e+00
-4.563456954124915477e+00
-2.703985463355132346e+00
4.588901716224372956e-02
-4.601150847192138349e-02
-2.793509943330465095e+00
-1.376934542804438610e+00
-2.629995877158576967e+00
-1.723441869889662303e+00
-9.730566358747412270e-01
6.499198947259959835e-01
-1.120265830416688813e+00
-8.918838948195288996e-01
