-7.233471316643610427e-01
-8.436704613364586214e-01
-5.590875571066779015e-01
5.925819091525160731e-01
-1.983767509214424463e+00
-5.108256237659907217e-01
-1.834933604828643539e+00
-6.867773483263944767e-01
-5.463502520008669538e-01
-1.663052839975556196e+00
-2.522211001949048015e+00
-2.010036863451079014e+00
-3.198900990988816084e-01
-6.826733903158498373e-01
-1.493113420282795811e+00
-1.113345830639668854e+00
-2.466299943416330187e+00
-9.923286441996914675e-01
-2.255216052272111860e+00
-1.780985199157791854e+00
-4.757650150199656536e-01
-5.867474913447111584e-01
