-6.659302444554999756e-01
-7.752255700744336009e-01
-5.256672210920964039e-01
4.988442905418593032e-01
-2.901708190654231689e+00
-2.150407724112525454e+00
-1.483098682880009012e+00
-1.208538768461253632e+00
-1.034428237702738285e+00
-1.549180679334378086e+00
-3.701293675167232067e+00
-3.014576218861745538e+00
-8.305051612714849929e-01
-4.006628310355058731e-01
-9.673994284214065820e-01
-1.564251065410957375e+00
-3.176448654978105246e+00
-1.854969124674906267e+00
-1.325107179006715263e+00
-1.202323575578992942e+00
