-6.558733980449711343e-01
-9.066055920629028098e-01
-4.666512728174314617e-01
7.190228140178515082e-01
-1.448701316259293215e+00
-5.108256237659907217e-01
-1.281741913077878436e+01
2.426087422889444400e-01
-1.168335713397239495e+01
-2.007030934094680585e+00
-3.130156704630761982e-02
1.848483799889448498e-02
2.189390129886508163e-01
-4.203031101517164941e-02
-1.491002908295404827e+00
-8.197282535168500806e-01
-2.273667103867554662e+00
-1.176159127182907715e+00
-1.448227784339864543e+00
-1.107983704418840309e+00
-4.723326682018625378e-01
-5.561940583874719346e-01
