-6.401442822585590164e-01
-6.995878604573990689e-01
-4.958694863232519512e-01
6.687730372389623090e-01
-2.814296128398169117e+00
-1.905152620044356038e+00
-2.117763561879740575e+00
-1.437751869036048014e+00
-4.122053207602900948e-01
-2.158034707538058150e+00
-4.386114966304773155e+00
-4.263444258899240502e+00
-1.424763519731740313e+00
-6.071544654505626193e-01
-9.175351020393491819e-01
-2.032376204558771882e+00
-3.058401235017897957e+00
-1.987604030709153813e+00
-1.476892005388527052e+00
-1.263999958025912695e+00
