-6.597784016537968643e-01
-7.720158541229837912e-01
-5.353025931818298222e-01
4.820888739348805907e-01
-1.837218611608301133e+00
-4.128828169270731818e-01
-8.542587715047973429e-01
-1.135435823250500631e+00
-1.072637195124258147e+00
-2.839746387506600911e+00
-2.234766038420595624e+00
-3.859884352813511832e+00
-4.320875664881992234e-02
-5.005655901594227020e-01
-2.341817092366921482e+00
-1.521901591096032513e+00
-4.949151450932621543e+00
-7.013118960721609341e-01
-1.642485897361966929e+00
3.195941315340773969e-01
-4.271009790910198500e-01
-9.886947758493248584e-01
