-7.258675727984030823e-01
-8.415402087776017170e-01
-4.378625837287586364e-01
6.734103265574509223e-01
-3.338440356466958026e+00
-1.298596374960602429e+00
-8.803519186963246757e-01
-1.033993743708861102e+00
-1.305668382775678538e+00
-1.290986445703832697e+00
-2.832115744108775868e+00
-3.713586900511046895e+00
-4.811994219641063664e-01
-9.790580674067607125e-01
-1.464584353469836175e+00
-1.667975326067706821e+00
-3.713586900511051336e+00
-2.389425396089673193e+00
-1.903658624572157176e+00
-1.030734839051202334e+00
-1.175605306960029184e+00
