-7.136202788623378090e-01
-7.836953341062539158e-01
-5.216566730215744796e-01
7.616815875119666845e-01
-2.734344509360456588e+00
-5.108256237659907217e-01
-1.957309814639191625e+00
-2.517999090704423626e-01
-1.372299079923960496e+00
-7.941127800272341775e-01
-2.667706416230210653e+00
-3.543824044844404941e+00
-5.747298399687584824e-01
-8.015380898908662788e-01
-1.281037747070466581e+00
-1.492143743368893549e+00
-2.925385366058850245e+00
-1.118067663446665083e+00
-1.848664324327616404e+00
-1.983756737644098767e+00
-4.082741409182213399e-01
-1.122864280045476004e+00
