-6.675682315649658083e-01
-9.646965927578217137e-01
-4.785708383945568301e-01
8.924693952945985664e-01
-6.144189425563000739e+00
-2.625780872903989316e+00
-4.656288345852499333e+01
-2.895576114356130937e-01
-4.304966390710133339e+01
-5.565316409992345781e-01
-1.478294268935648148e+01
-2.165756850408914502e+01
-6.910388655622140552e-01
-9.741878636862632002e-01
-1.138323302751542698e+00
-9.181439542389912001e-01
-1.438241737757365080e+00
-1.013916994930843307e+00
-2.082579007110450409e+00
-1.855956317335167416e+00
-1.553460775187621268e+00
-1.082487037418112585e+00
