-6.979173836036242085e-01
-8.338589822218309688e-01
-5.678338221339284120e-01
5.929885089148771993e-01
-2.180505130963129368e+00
-1.722765953554063811e+00
-7.076721074090097652e-01
-2.536340889439766544e-01
-7.922661061811457905e-01
-9.409953019379414529e-01
-2.530457367823361725e+00
-3.716590341709403944e+00
-4.796812036744887431e-01
-8.267980982598416295e-01
-1.042729099058010700e+00
-9.722242241543096464e-01
-2.749002735970232703e+00
-1.331492243286056976e+00
-1.550635163311499198e+00
-1.013795065378529703e+00
