-6.401507256807476010e-01
-6.995425047037118205e-01
-4.958711471075408217e-01
6.688121630947306828e-01
-2.814283993021882591e+00
-1.903563700317134622e+00
-2.117864499016338886e+00
-1.437741003708415510e+00
-4.123177840639103975e-01
-2.158472271500746942e+00
-4.384933602854727219e+00
-4.264751682282222234e+00
-1.424483290294256355e+00
-6.071863424548884502e-01
-9.174740320736000099e-01
-2.032466374601724191e+00
-3.058606398215946598e+00
-1.987827990188321792e+00
-1.477051386822186174e+00
-1.264098258629829941e+00
