-6.601679293861344444e-01
-8.166964769062236007e-01
-5.861308312743057636e-01
6.918873587719416296e-01
-3.509563331307997913e+00
-5.108256237659907217e-01
-1.288253225687038039e+00
-4.722550760315257223e-01
-8.388045014774782038e-01
-1.966073430925192600e+00
-1.991207242071010297e+00
-4.568015454369604100e+00
-6.389085022640160760e-01
1.552256758704585904e+00
-1.298529785594130015e+00
-1.519162674703778526e+00
-5.096973603608249803e+00
-1.557533156894288062e+00
-1.968882073062678373e+00
-2.106768218170270934e+00
-1.793242063737919612e+00
-1.174516889332977376e+00
