-6.871123744990483839e-01
-7.218107411317157274e-01
-5.992802849396163811e-01
7.303969519836052138e-01
-2.381397310896717023e+00
-2.344027283342187129e+00
-1.240457642330787591e+00
-8.365454697271890172e-01
-9.857284441718616730e-01
-9.575947944825820013e-01
-2.757140156140992726e+00
-2.975690058800189330e+00
-8.289320571318083974e-01
-1.021454384883015321e+00
-1.430972662776292648e+00
-1.274639315415820651e+00
-1.410529822785730802e+00
-1.155167456740805232e+00
-2.681409704290589779e+00
-1.698443843471755921e+00
