-6.675725382115740292e-01
-9.646888076658761690e-01
-4.786086871926325537e-01
8.924708032367589805e-01
-6.144186526858552710e+00
-2.625781245594561053e+00
-4.656288345852499333e+01
-2.895479572502027699e-01
-4.304966390710133339e+01
-5.565270411901690473e-01
-1.478294266950973324e+01
-2.165756850406040002e+01
-6.910372353840537052e-01
-9.741875204923136078e-01
-1.138319199415033234e+00
-9.181423065489812130e-01
-1.438231741629115046e+00
-1.013916833306352183e+00
-2.082574220269586718e+00
-1.855955206241493460e+00
-1.553456266560833798e+00
-1.082487360263862497e+00
