-6.679655971818777571e-01
-8.184027976419977479e-01
-5.580423760653054899e-01
3.056968010355702869e-01
-1.966928808599868406e+00
-8.010152523787716916e-01
-9.185344427367262199e+00
1.794661065474734696e-01
-4.076953557684557694e+00
-8.542690626288059752e-01
-7.749129145099714622e-01
-6.656431860754542518e-01
-6.818255082036127623e-01
-3.947907157866371031e-01
-8.879169724610193271e+00
-8.629939315308277070e-01
-4.224048813513196166e+00
-1.075459460640067144e+00
-1.029761285858477038e+00
6.170080115558369827e-02
-8.804290108148233873e-01
1.334586002471775945e-01
