-6.785175900290821849e-01
-7.667817366527860390e-01
-6.402684980195539888e-01
4.522159338061451095e-01
-3.339362205237373260e+00
-5.108256237659907217e-01
-3.041741361021017109e+00
-2.129162888368998918e-01
-1.412028701882537707e+00
-1.636104739446536227e+00
-4.195359157631559199e+00
-3.538695572963649116e+00
-7.937252458302989089e-01
-8.485639336737875738e-01
-1.625279256208713941e+00
-1.417141472395496038e+00
-3.171379312359046132e+00
-1.447807906605126815e+00
-2.091908759481351243e+00
-2.438097780546800930e+00
-1.399350704841677784e+00
-9.446584285317086715e-01
