-7.104563348047834292e-01
-7.218134333835597438e-01
-5.907866533835095524e-01
4.619571274089054880e-01
-3.367036554657949043e+00
-8.372334174489806102e-01
-2.857555460853905771e+00
-3.300468284082975767e-01
-8.865017021626471205e-01
-5.920316566749093123e-01
-8.960262027758954417e+00
-2.941596469578946493e+00
-1.392417785193847957e+00
9.831897439266382710e-01
-2.607334641017248211e-01
-1.412587773362742105e+00
-2.947381756385856200e+00
-1.578344599615313149e+00
-1.448203702509713864e+00
-2.407454377481513585e+00
-1.018205871930571021e-01
-1.488552504536358123e+00
