-6.894329789749120696e-01
-6.810368196842092603e-01
-6.379515217507840674e-01
7.357386532720479044e-01
-2.143659708009664655e+00
-1.760275599927525692e+00
-1.170422955665061826e+00
-5.205879581119231547e-01
-4.409351404552331877e-01
-1.346587801803343920e+00
-3.498748134073134342e+00
-2.935776880641131736e+00
-5.398422764772348170e-01
-4.755028502779912736e-01
-1.184830721999104108e+00
-1.150933460739967940e+00
-5.222087454794290817e-01
-1.435737131895443941e+00
-1.572658373284848699e+00
-1.701574400350092331e+00
