-6.728037983383711174e-01
-8.135469738110087112e-01
-5.393140188565150872e-01
8.946103301414836118e-01
-5.108256237659907217e-01
-1.689351818171452635e+01
-1.058230249720122140e+00
-1.558140457194838646e+01
-3.029398622648034944e+00
-1.436210917649706653e+00
-1.357537210872590272e+00
-1.147948501959024092e+00
-1.386334232868079885e+00
-2.684448471558159799e+00
-2.130649979859330578e+00
-3.508662321947951135e+00
-2.322626379885857073e+00
-2.527300968354668331e+00
-2.425358232252844637e+00
-1.760176211277835856e+00
-1.847148855742839935e+00
