-6.435801811458735644e-01
-8.859766036126091038e-01
-5.327322033044485927e-01
5.111215782645213146e-01
-2.433000897645338778e+00
-1.517226829287792400e+00
-9.242607386123392610e-01
-6.350081994984795308e-01
-7.257033922760135480e-01
-1.643093863303726199e+00
-3.040907620548257473e+00
-1.411969174542996441e+01
-1.007004579805071964e+00
-7.122757620506439125e-01
-9.664047283956245238e-01
-1.431532271582529825e+00
-2.407904584877061271e+00
-2.016283897123755331e+00
-1.508439901889911283e+00
-1.261129103259447382e+00
