-7.099523560807218248e-01
-7.933842427134595310e-01
-5.346837375295520056e-01
5.035514647777556974e-01
-2.281323212103582243e+00
-5.108256237659907217e-01
-1.941705542018119734e+00
2.150134953644528002e-01
-1.062437183172221911e+00
-1.515411637179853832e+00
-3.077126263360939973e+00
-3.288402757784570696e+00
-7.896839985968993059e-01
-2.835332359986188488e-01
-1.428144325845293938e+00
-1.095589422370475186e+00
-3.044776458173491740e+00
-1.004503231059562962e+00
-1.915790501986805339e+00
-1.546579479194763351e+00
-8.612127602660408776e-01
-9.227338773683282369e-01
