-7.040996543112753026e-01
-7.982599757324586598e-01
-5.078608589891595582e-01
4.184449973517495591e-01
-2.012714300843067683e+00
-1.188659723258545187e+00
-1.127668969342411120e+00
-8.592307067935699427e-01
-1.057038383270559656e+00
-1.448375971639711546e+00
-3.198939952554123334e+00
-3.631298007138377582e+00
-8.288390313319680125e-01
-3.293507113818119891e-01
-1.301626833833603891e+00
-1.190979213302895579e+00
-3.631298007138374029e+00
-1.714153461079616303e+00
-1.456186891344199097e+00
-1.210693606840194780e+00
-6.184327764233822355e-01
