-6.755009332381936016e-01
-6.937612674078388331e-01
-5.394239334756594229e-01
6.120918281505230985e-01
-1.782779388626658523e+00
-5.108256237659907217e-01
-1.171800957190915815e+00
1.501355110930980286e-01
-4.881162456828624929e-01
-1.246483175255639786e+00
-2.284175367874169194e+00
-2.799121829992377464e+00
-6.679184756235176934e-01
-6.724053949787708317e-01
-1.001779748202330955e+00
-7.793364534650720765e-01
-2.310720816056607063e+00
-9.781169679281590534e-01
-1.603172953597057360e+00
-5.902995875823231486e-01
-7.330340431117446931e-01
-3.891126598503904521e-01
