-7.050881203242201911e-01
-7.032149930421484063e-01
-5.174071447734325258e-01
7.889533395038480501e-01
-5.108256237659907217e-01
-4.324948024338334029e+00
-1.653960073725394997e+00
-1.815892424129335270e+00
-3.997959896475075325e+00
-1.046417141976290210e+01
-3.629266091966726115e+00
-1.515153947323881534e+00
-1.391602622325548211e+00
-2.460004263753576392e+00
-1.020420379185741577e+00
-4.593593757813895451e+00
-2.153200702289951085e+00
-2.821198781417647350e+00
-2.700058605522713151e+00
-2.140499682495655254e+00
-9.526289967117422819e-01
