-7.390701864904292151e-01
-9.842751937532036033e-01
-4.973356090000670693e-01
5.663489824104094295e-01
-2.267533881390708217e+00
-9.475702923466350347e-01
-2.077150409516333784e+00
-9.597170704351829507e-01
-2.161970151652730987e+00
-1.366906679590957463e+00
-8.175083473572856141e-01
-3.380045135770335385e-01
-7.320589279970908247e-01
-9.862293305280270816e-01
-1.077820097129774979e+01
-1.228098837538135424e+00
-2.974548440061925980e+00
-1.492554578582013569e+00
1.729188313253687270e-01
-9.841185298395739300e-01
-1.181413748901870786e+00
-1.085319346444434174e+00
