-6.253430810736614331e-01
-7.341086618614957038e-01
-5.896607937731782600e-01
5.143826981843981905e-01
-2.580537038739648459e+00
-1.372677793297780946e+00
-1.112940479988274500e+00
-6.241815738968495841e-01
-1.104173714340660917e+00
-1.236794647901998445e+00
-2.048064172902046565e+00
-2.699191673965640970e+00
-1.165546516676074118e+00
-8.355264826139882084e-01
-9.705332117068338205e-01
-8.162839134610403447e-01
-3.294484165937829445e+00
-1.795017612738982526e+00
-9.888931890594939711e-01
-1.122850468666050094e+00
