-6.790734744079675034e-01
-7.744622708419434121e-01
-4.970897915702751635e-01
7.263141372178436583e-01
-2.098479473977211462e+00
-2.000615322077930802e+00
-1.248814864226231114e+00
-6.633287186517357048e-01
-8.616270438867336401e-02
-1.157153581926959163e+00
-3.128755099992637234e+00
-2.846080657449388429e+00
-5.701512444879227592e-01
-2.431742659604144985e-01
-1.469630106192074903e+00
-7.746346309998823898e-01
-2.706930107813021014e+00
-1.077332168134975676e+00
-1.670587514638982807e+00
-1.468263112567485207e+00
-9.745386586393607331e-01
-6.729759882287189576e-01
