-6.791511901271379825e-01
-7.744501103356606908e-01
-4.971220999675912133e-01
7.262318294099139315e-01
-2.098506880565121691e+00
-2.001569625126979002e+00
-1.251216016351894833e+00
-6.625712901871056992e-01
-8.633489188247220336e-02
-1.156752714217226918e+00
-3.137528991895166097e+00
-2.839083721880863553e+00
-5.701373950114987377e-01
-2.429939103481954799e-01
-1.469951970434677513e+00
-7.746280202859719966e-01
-2.708229335942629046e+00
-1.077364064797025067e+00
-1.670441746501193148e+00
-1.468024908086403846e+00
-9.744004772218157751e-01
-6.727687969259785739e-01
