-7.427112002810174474e-01
-8.680002442616451264e-01
-5.417753274437818733e-01
4.750015349012500221e-01
-1.671918852756940410e+00
-1.305096191386364346e+00
-3.646747597955148912e-01
-4.072543332809109851e-01
-1.120912736437002621e+00
-1.182349717930632066e-01
-2.653465463529906199e+00
-2.538093830447015975e+00
-1.956169919478950581e+00
-7.817727285183070363e-01
-3.107898809463756962e+00
-5.793348117630359173e-01
-9.576092507858462444e-01
-1.404384232595172977e+00
-8.194999193732049880e-01
-4.393756562532732945e-01
