-7.079819741859793014e-01
-7.458897374543409509e-01
-4.917093738550978865e-01
4.769684540367213899e-01
-2.320169234708392647e+00
-1.084934117808841636e+00
-1.869295513236998385e+00
-9.034750970822899019e-01
-9.430602271267303216e-01
-7.076461034542598227e-01
-4.228163569636276264e+00
-2.678846286573361102e+00
-1.415942100632948009e+00
5.185686356174403766e-01
-1.968966941845808671e+00
-1.962659576593266175e+00
-1.330227979935338922e+00
-1.773749949401211001e+00
-4.505318082700041638e-01
-1.225526285027188633e+00
