-6.368092007951769995e-01
-7.453403736927253220e-01
-6.159849698972548193e-01
2.481251766551920424e-01
-1.951361567170708522e+00
-5.108256237659907217e-01
-4.194043196222044578e+00
-8.147124967180787714e-01
-1.806541805071504081e+00
-2.687954403503549639e+00
-5.202925533706294736e+00
-4.189022642703640997e+00
-1.600879020733759317e+00
-1.848577843137725329e+00
-1.381558934496129210e+00
-1.656856252377335581e+00
-2.829418992026554669e+00
-2.149818952934024363e+00
-2.596237499831635542e+00
-1.626387747820370988e+00
-1.702153178541622847e+00
-5.379260486566573851e-01
