-6.411147182586851567e-01
-8.319094679338570053e-01
-5.947186633126290145e-01
5.426384545565055006e-01
-2.298034866523434250e+00
-5.108256237659907217e-01
-6.976400395905286711e-01
-6.064775295068060013e-01
-6.588268133752606115e-01
-1.191101845631283185e+00
-3.116401424657261554e+00
-3.451957910747367464e+00
-7.488308144012048029e-01
-4.925720045847576389e-01
-1.601809846281633476e+00
-1.393051790049159244e+00
-3.689948807698804956e+00
-1.346586163463798114e+00
-2.219297908764794602e+00
-1.276480537108664270e+00
-1.123266595925504152e+00
-9.081896541467651129e-01
