-6.596736351614479466e-01
-6.556700336138509000e-01
-6.904761678853607032e-01
5.318804218206754086e-01
-1.559887378633027843e+00
-1.325182076027997535e+00
-1.041765273621513055e+00
-5.241695940432447021e-01
-1.150419235841575905e+00
-2.164761189704404121e+00
-3.136880793578115334e+00
-2.251111591643852883e+00
-7.177358593275080523e-01
-2.981356055463604271e-01
-1.095453444486742534e+00
-1.162405715437278220e+00
-5.936280030487209869e-01
-1.079464374077038880e+00
-1.588630473179041269e+00
-1.192502742910305225e+00
