-6.356237522620887814e-01
-6.722997211811847507e-01
-6.140635712517945599e-01
4.140669384974355327e-01
-1.494257284029389066e+00
-7.495253955502199084e-01
-3.769308253752998716e-01
-6.719248799901583746e-02
-4.338152779754774757e-01
-1.074909904774920655e+00
-1.276053355926920574e+01
-1.265077766248516866e+01
-3.295250754465189891e-01
-1.735913428568865158e-01
-8.445997063227203006e-01
5.656402380156573262e-01
3.092882271107997294e-01
-9.267837314223952294e-01
-1.288692652026613539e+00
-1.174279348395536715e+00
-7.481156826741344190e-01
-7.180010753416493641e-01
