-7.066245566780284815e-01
-7.864940414270211733e-01
-5.452971118339289269e-01
5.304974882113422385e-01
-2.226336736282035211e+00
-1.354941394589669112e+00
-1.458896401751802241e+00
1.328582915875961556e-01
-1.103067017433057684e+00
-1.488966313651948425e+00
-3.265269271617772251e+00
-3.308519367154758584e+00
-8.821684541903765941e-01
-3.334369048789303513e-01
-1.486163690886158628e+00
-1.200613019416013838e+00
-3.145445852627810623e+00
-1.103581326608203739e+00
-2.002961198509409790e+00
-1.639558732468798574e+00
-9.625148523553551660e-01
-1.008546861953107054e+00
