-6.382894716416330771e-01
-7.321976166110337747e-01
-6.550117832315424105e-01
5.830124802217599989e-01
-3.038768506823953164e+00
-1.899130455298001507e+00
-9.806481507851521062e-01
-6.529165846642278614e-01
-8.265858696189040122e-01
-9.197944894791078019e-01
-2.402879142971239723e+00
-3.899694786180186057e+00
-1.420289405202506128e+00
-1.530046286297419789e+00
-3.592495452360184416e+00
-1.502016142364216655e+00
-1.648724511158100148e+00
-1.754811641926371957e+00
-1.151168515743507204e+00
-9.524684414145581091e-01
