3.340000000000000000e+02
4.364907446612270037e-01
1.602492497699064433e+00
2.829267049090712360e-01
0.000000000000000000e+00
2.626201263031165967e-01
2.996414001907552471e-01
1.798578788211561696e-01
3.558085301733127648e-01
2.055752033073461049e-01
2.492927881190135364e-01
2.294060210862370330e-01
1.735274238278102232e-01
2.028729865222563822e-01
3.822867851392150462e-01
1.979787442790772178e-01
2.112214024888628416e-01
2.586631464238428602e-01
1.836078463695655916e-01
8.459999999999999432e+01
8.459999999999999432e+01
1.786500000000000057e+02
1.780000000000000000e+02
1.948499999999999943e+02
1.871999999999999886e+02
2.109000000000000057e+02
2.024000000000000057e+02
2.047500000000000000e+02
2.098000000000000114e+02
1.868499999999999943e+02
1.931500000000000057e+02
2.139499999999999886e+02
2.104499999999999886e+02
2.046999999999999886e+02
2.076999999999999886e+02
3.643539728875849448e+01
0.000000000000000000e+00
2.733223023971841315e+01
2.314229626805393281e+01
7.529221185176221631e+00
4.810843139072945362e+00
4.343415090712221627e+01
4.968204903783066584e+01
1.759693786093644974e+01
1.625305967482789526e+01
4.491642046123902055e-01
7.894607111896399942e+01
1.163377834520590071e+01
2.432873147064110597e+01
7.349614202093523829e+01
3.021315896668227552e+01
5.931636276490510618e-01
2.454020062183735751e-01
2.885121832166966382e-01
2.164639377392168496e-01
1.069393507271292898e-01
3.571279149020595983e-02
5.043339302544552760e-01
4.949683907463481858e-01
1.872740522399455043e-01
2.243514847208582519e-01
5.847990403207966974e-03
5.504447829289439431e-01
1.371921353287760548e-01
2.721110125158018311e-01
7.032104733434398902e-01
3.958463014777274247e-01
2.171076143624027281e+02
0.000000000000000000e+00
3.607305362825929365e+02
3.567952605134922237e+02
3.914560823055760466e+02
3.786003776545605888e+02
4.189309245133931086e+02
4.026357368520396562e+02
4.095950317814406390e+02
4.174822953796967226e+02
3.785944688655422965e+02
3.751694581285721029e+02
4.283245862147813909e+02
4.232874814545660911e+02
4.040588804238082048e+02
4.156983566312395055e+02
