-7.249072247148026227e-01
-7.610721461707201652e-01
-3.923237087086215991e-01
5.781870030380461545e-01
-2.308021850086976023e+00
-1.112164657384071553e+00
-2.188807088027447634e+01
-6.684569467825997036e-01
-3.936807862403461034e+00
-1.573420433376090610e+00
-7.833521639373665080e-01
-6.393659364222666897e-01
-2.802410702390333852e-01
-3.651840849074569628e-01
-1.422301654966231066e+00
-1.412021201958675087e+00
-3.131177154099811677e+00
-1.021790775210285496e+00
-1.761792512800073762e+00
-2.000421341833282352e+00
-1.092023539562224865e+00
2.065374786964812859e-01
