-6.202248046055905961e-01
-1.056931922760589115e+00
-3.899528344783393385e-01
8.149575943376548004e-01
-2.193864781855065615e+00
-1.445599568608693986e+00
-8.453685230656236005e-01
-7.528425124372056798e-01
-4.751020324420487939e-01
-1.860280079637024464e+00
-2.669568558127494384e+00
-2.665772969137124360e+00
-2.935578165488013647e-01
-1.052508896913175285e+00
-1.711475228247916425e+00
-9.148501970388415172e-01
-2.665772969137122583e+00
-1.954926130991656574e+00
-1.376025821048402653e+00
-9.329395155177377941e-01
-6.741172763711499316e-01
