-6.722512563970746147e-01
-7.565749732883951806e-01
-5.383621890106246033e-01
6.836748298381331024e-01
-2.473134211705339425e+00
-5.108256237659907217e-01
-1.055566112868274731e+00
-1.700222101197061686e-01
-3.982103942644517058e-01
-1.009670249613014326e+00
-3.552753793538816485e+00
-3.544577050338663771e+00
-4.394680031926514463e-01
-6.544056317050959137e-01
-1.365464308607143629e+00
-9.837526620650726139e-01
-2.047225956384088885e+00
-1.376428952654914939e+00
-1.844851481446354580e+00
-1.864553279416124365e+00
-9.563850958028253801e-01
-9.339781491004808256e-01
