-6.859286934580335338e-01
-9.323187303008679816e-01
-4.929350481922700200e-01
5.563808328375283718e-01
-2.924172665620910383e+00
-1.682381972100587486e+00
-1.940817220445863134e+00
-5.978038684084171495e-01
-1.416751885568348968e+00
-6.669569588128229087e-01
-2.945265182842056184e+00
-3.112703014919144806e+00
-1.361564797725792531e+00
-1.689415854461395750e+00
-2.622795100167093274e+00
-1.459732216894924495e+00
-1.791874585141685072e+00
-1.393966773275139515e+00
-8.669250682018981857e-01
-1.059565113782894086e+00
