-6.744745781271802576e-01
-7.511872302329554163e-01
-5.861915399213173394e-01
5.835485935683987213e-01
-2.707901028020722300e+00
-1.318429909094628760e+00
-1.935155878268602025e+00
-7.655837750798636376e-01
-1.130083364080049169e+00
-1.187656421918873217e+00
-2.960970567087443772e+00
-3.675206010801713052e+00
-1.647198756054915059e+00
1.070397048447120775e-01
-1.190000693061492365e+00
-1.348652011283391960e+00
-2.944345760283645586e+00
-1.591542347317431272e+00
-1.539330692783008159e+00
-8.163846452615850513e-01
