-6.665236992605879651e-01
-8.102758871952170372e-01
-4.918325464934640290e-01
2.269414932945374719e-01
-2.258491495653716097e+00
-3.524851469971278517e-01
-1.234520111373490359e+01
-7.129094964671418566e-01
-2.646786483547771240e+00
-3.224176944968556224e+00
-4.104986440012953763e-01
-3.482573375199145560e-01
-7.497764317423742941e-01
-3.208656025797903544e-01
-1.318636178461635033e+01
-1.618532531966987653e+00
-1.007463676231617100e+01
-1.740968775076273678e+00
2.361919822060101759e-01
-7.249050876888992745e-01
3.481814759084772004e-01
-1.880557072648344041e+00
