-7.194502560280640058e-01
-7.202746244044777590e-01
-6.306981427174765953e-01
3.266023514858352739e-01
-3.344338439219731285e+00
-5.108256237659907217e-01
-1.562215979852438963e+01
1.756919808471523251e-02
-1.490750439702678065e+01
-4.703000985110730725e-01
-1.813763668204506274e+01
-4.064911604148462310e+00
-1.235746424089982476e+00
9.233312396634538732e-01
-8.445661353230391466e-01
-6.194588607815131320e-01
-1.434498950286297614e+01
-6.260236198934536755e-01
-1.403837232249001588e+00
-2.085521065490933079e+00
-5.156360778383486387e-01
-6.923664875168594746e-01
