-6.814431899081413446e-01
-6.751248982506211638e-01
-5.603202732239458417e-01
4.743388230372115322e-01
-3.042632494920066932e+00
-1.392206393825063726e+00
-7.200614120864216039e-01
9.980549054955180077e-01
-1.093369595634208213e+00
-4.547057794364177674e-01
-3.405594162079513598e+00
-2.831659186044897414e+00
-1.450323973109907127e+00
-1.140098257363544310e+00
-3.855841131175684389e+00
-1.709277095014634540e+00
-1.843707083374908073e+00
-2.372120635617375850e+00
-1.192558880314055436e+00
-1.165332148953919900e+00
