5.000000000000000000e+02
2.372518803020859102e-01
1.671903228389604479e+00
1.757151905198778008e-01
0.000000000000000000e+00
1.854693814048337941e-01
1.680807221310512689e-01
1.958451272868766413e-01
1.171953208344126696e-01
1.245849868112699765e-01
1.355272763855874807e-01
1.715707478534014840e-01
1.269948010172828878e-01
1.740172369823130283e-01
1.189979147798053832e-01
1.207082294527613980e-01
1.465973137478345234e-01
1.321530281380930150e-01
1.235152547653259880e-01
6.100000000000000000e+01
6.100000000000000000e+01
1.726500000000000057e+02
1.753000000000000114e+02
2.243000000000000114e+02
2.315999999999999943e+02
2.738000000000000114e+02
2.663000000000000114e+02
2.395999999999999943e+02
2.556500000000000057e+02
2.455500000000000114e+02
2.704499999999999886e+02
2.739499999999999886e+02
2.599499999999999886e+02
2.711000000000000227e+02
2.821000000000000227e+02
3.994994327505564602e+00
0.000000000000000000e+00
2.075176406847642951e+01
1.854986378123791368e+01
3.540261370049531564e+00
3.291743204174634840e+00
3.839461345655828950e+01
5.434656339568730488e+01
2.084181983384547721e+01
2.158789943936988820e+01
7.180308319493025948e+00
2.036676018558050316e+01
1.487746117328965667e+01
1.501327510945462329e+01
2.332410347399562411e+01
2.551888499994378634e+01
1.744138773421967659e-01
3.849019410759320081e-01
3.173700374906654464e-01
3.054098369100265442e-01
4.108953231062167921e-02
6.186757762139506039e-02
5.500451634540647339e-01
7.209257775035201599e-01
2.535188719265051849e-01
3.300938731764779255e-01
8.529755029835375812e-02
3.161683500369015798e-01
2.253546695016409029e-01
1.970576999515834260e-01
3.266132383982290888e-01
3.688762063350161657e-01
1.303544382427887456e+02
0.000000000000000000e+00
3.525468791718315060e+02
3.613597677348005845e+02
4.399378799413641445e+02
4.539965613664656985e+02
5.602814433617113536e+02
5.562305288646674626e+02
4.791617024858019249e+02
5.149759896865032260e+02
4.837425233828974456e+02
5.413326296373752484e+02
5.469219888438528869e+02
5.197039540758632938e+02
5.403735171136838744e+02
5.600933979568405903e+02
