-6.770298427773479011e-01
-7.813321703932740725e-01
-5.492829810490197362e-01
6.315154608744013576e-01
-2.798567034102858120e+00
-1.168285313785908164e+00
-1.716214155044062828e+00
-6.404083462487026868e-01
-1.075392558114049324e+00
-1.860282709965210612e+00
-3.388330033728909285e+00
-3.894965062155903990e+00
-8.668574632394880908e-01
-1.026060535409537566e+00
-1.566953900925863064e+00
-1.513004570465358967e+00
-2.750421198491165065e+00
-1.788542459289724329e+00
-2.433950817268780487e+00
-1.701033364229199485e+00
-1.138966566225457777e+00
-1.344385487468574780e+00
