-6.870968123332907851e-01
-7.217782679047261007e-01
-5.993215834277586529e-01
7.304539665078670918e-01
-2.381378538902922504e+00
-2.343910534046943717e+00
-1.241094265200752611e+00
-8.360849105100831569e-01
-9.857140769609911146e-01
-9.572893155448688463e-01
-2.759052123685317159e+00
-3.660537838873244354e+00
-8.289879475372172735e-01
-1.021101555357236013e+00
-1.431240100009617988e+00
-1.274855591683168532e+00
-3.660537838873263450e+00
-2.681221402373400231e+00
-1.698535717995484307e+00
-1.410906760127060400e+00
-1.155138418523536714e+00
