-7.144630102981701647e-01
-7.081289426653725183e-01
-5.737661392635130531e-01
6.544971114293343106e-01
-2.431208473238710255e+00
-1.627763099067049968e+00
-1.546400961027151855e+00
-7.233270509903401146e-01
-9.808473388363717627e-01
-1.902447929893861023e+00
-3.251614394137402719e+00
-4.361019037803183451e+00
-7.310968977789528145e-01
-6.808091946502699277e-02
-1.106771488730654118e+00
-1.516780250573422029e+00
-1.130149482429403829e+00
-7.626870217172734279e-01
-1.828327431911516809e+00
-1.858148886202929617e+00
