-6.714303938527482751e-01
-6.654910059408473133e-01
-7.057658243380986463e-01
7.158969807155363130e-01
-2.289412243275773751e+00
-1.540775625740869792e+00
-1.946312005900703639e+02
-2.378686998482200388e-01
-3.963505528789877275e+01
-6.817825638791136234e-01
-6.552343429644288397e-01
-8.172917828083421377e-01
-6.285428583727338259e-01
-6.919861685893612391e-01
-1.451349272990724026e+00
-1.163874228456595272e+00
-1.293464518924137430e+01
-1.248330711834869433e+00
-1.462405391776295804e+00
-1.877379142953527147e+00
-8.610652888858235654e-01
1.853228425262722079e-01
