-6.771065559648775656e-01
-7.978089797852579990e-01
-5.146213299002133645e-01
6.425707443159599519e-01
-2.054364576934186726e+00
-1.701080291226269692e+00
-1.813481670051378059e+00
-7.001558786802599688e-01
-5.378278367658693160e-01
-1.374395649139684927e+00
-3.604256750896781103e+00
-3.099325127754227527e+00
-6.115148904771725569e-01
-9.159296490949733194e-01
-1.410428704936133926e+00
-1.258184967311648972e+00
-2.476526022784523384e+00
-1.168434418489320947e+00
-1.602173811271483395e+00
-1.439953981524623616e+00
-3.743150394486241539e-01
-8.150585570324389018e-01
