-6.954894829122540978e-01
-8.699607516833886001e-01
-5.337551908138910006e-01
5.954626189517622237e-01
-2.689654711383452579e+00
-5.108256237659907217e-01
-2.415442435697906731e+00
-5.691271133186280862e-01
-6.123879426975414875e-01
-1.439944862602502873e+00
-3.279500709096943023e+00
-3.030265913561520641e+00
-8.324804805030846522e-01
-9.525290936412046383e-01
-1.532067893503026079e+00
-1.206149224785436846e+00
-2.695537939704451436e+00
-1.412957599969537625e+00
-2.042876522893604996e+00
-1.504563977412902265e+00
-9.625009548511167523e-01
-8.122490960435816421e-01
