-7.079720624973390164e-01
-7.458146290316585159e-01
-4.917617249227325127e-01
4.769657675227621518e-01
-2.320043520329535980e+00
-1.084638571504809468e+00
-1.869651257968485414e+00
-9.036394316545824923e-01
-9.430736142692758284e-01
-7.081082756011861656e-01
-4.226725334130325251e+00
-2.680878001914324571e+00
-1.415683150708246574e+00
5.183744085376865707e-01
-1.969400319059093629e+00
-1.962266672576344462e+00
-1.330169916391404694e+00
-1.774004422382821966e+00
-4.504469761115350024e-01
-1.225411527396596645e+00
