-6.658932500576402180e-01
-7.752531428974482886e-01
-5.257053891869570839e-01
4.988303859444397914e-01
-2.901547354130857848e+00
-2.150878505954840314e+00
-1.484220479266206372e+00
-1.208412927142231252e+00
-1.034274083011366141e+00
-1.549192081474474403e+00
-3.696472872805733445e+00
-3.016827955316301324e+00
-8.300974331110081428e-01
-4.008248370005227934e-01
-9.672531684860048440e-01
-1.564303185215343284e+00
-3.174435523627630928e+00
-1.854829311597743446e+00
-1.325321540608902948e+00
-1.202286005625711196e+00
