-6.779392077848745979e-01
-8.398222419714594933e-01
-5.428406712315513305e-01
6.210726055083987118e-01
-2.432222472182250961e+00
-1.765326580425037095e+00
-1.548336585912027719e+00
-1.592548530267086315e+00
-9.591892105678719860e-01
-5.078211116298358974e-01
-4.870403347472117339e+00
-3.002333729101070325e+00
-1.870472931688334395e+00
-1.110045660647811072e+00
-3.593371033189993291e+00
-9.246832620428031557e-01
-1.719523465041566057e+00
-1.675908908083251214e+00
-1.735380131466488784e-01
-1.007628663406799019e+00
