-6.409714315800572049e-01
-8.180546099826615514e-01
-6.009932193780628262e-01
5.666102677841254875e-01
-2.258559549534292721e+00
-1.568990324324540886e+00
-4.127474493499467267e-01
-9.084309798736620589e-01
-7.563848209869062922e-01
-1.134544937677519405e+00
-3.266117278419671255e+00
-3.614841035757397680e+00
-8.007344511859223468e-01
-5.742146876442021375e-01
-1.682176162626956017e+00
-1.477022887753970615e+00
-3.756526760323785297e+00
-1.436374556761567112e+00
-2.315171450502653272e+00
-1.367285725256778717e+00
-1.212963744571707858e+00
-9.898527220893927892e-01
