-6.650731469962927189e-01
-8.738749202620116341e-01
-4.737658576693996038e-01
5.120737902254831608e-01
-4.805985913705868917e+00
-1.381467622456781452e+00
-1.095705408150812188e+00
-1.530742623197098418e+00
-1.671114298870811199e+00
-2.062490278060270743e+00
-2.559041758275984346e+00
-1.242263205387601666e+01
-4.774971095585276992e-01
-1.078809601630022152e+00
-1.057029066960114783e+00
-1.674169940835159354e+00
-4.525997642838778923e+00
-1.328291660043659395e+00
-1.768965161997918978e+00
-1.252529549783695906e+00
