-6.396634947794260784e-01
-7.965232811392055634e-01
-6.050070979295275597e-01
5.596615204911468133e-01
-3.240026947918341449e+00
-2.136023542427531563e+00
-4.997324295788135373e+01
-2.453536610456545364e-01
-1.685539186198371198e+01
-8.876564206746908603e-01
-7.487318243257352623e-01
-6.921852720669559034e-01
-8.175310679436192940e-01
1.259484724564616354e+00
-1.522838981538978675e+00
-1.594388626492859951e+00
-1.197228749712264850e+01
-1.646153643651391274e+00
-1.981326031694682799e+00
-2.245676355304091043e+00
-1.845295618583745911e+00
-1.295793389274153995e+00
