-6.675818567276468052e-01
-6.675059946396758592e-01
-7.016526261701444556e-01
8.413174587518978953e-01
-2.328984759051146991e+00
-1.754227000517056601e+00
-1.250473854589073897e+00
-6.283072377865475122e-01
-7.020706013137751889e-01
-1.285754277750399410e+00
-3.002888733842530300e+00
-3.055970745843134662e+00
-6.158702016431539805e-01
-6.620083088105011004e-01
-1.273670096988272604e+00
-1.227594454676706137e+00
-2.677146744392441935e+00
-1.501574628685957924e+00
-1.436487356961166251e+00
-1.851244966874387332e+00
-9.494433794816702354e-01
-8.908920840227807503e-01
