5.660000000000000000e+02
2.537182827824908116e-01
1.801780018016100771e+00
1.852684404122540984e-01
0.000000000000000000e+00
1.611777078304693911e-01
1.608366527950306213e-01
1.357193354422333575e-01
1.217422405278886371e-01
1.307279524178158736e-01
1.508991637703755717e-01
1.367436089214411898e-01
1.041957824658453907e-01
1.395145882701802065e-01
1.312527076961700623e-01
1.250333993946884936e-01
1.362291672143580989e-01
1.501631778876841572e-01
1.397644244698836302e-01
1.106500000000000057e+02
1.106500000000000057e+02
2.806999999999999886e+02
2.733999999999999773e+02
3.428500000000000227e+02
3.442500000000000000e+02
3.582500000000000000e+02
3.412500000000000000e+02
3.588000000000000114e+02
3.653000000000000114e+02
3.493999999999999773e+02
3.611999999999999886e+02
3.810000000000000000e+02
3.710000000000000000e+02
3.531999999999999886e+02
3.576999999999999886e+02
1.503501558219212697e+01
0.000000000000000000e+00
5.574015779896301837e+01
4.394716144040260986e+01
2.978631918113725074e+00
3.645597146546597500e+00
5.332698532488007004e+01
5.125443511511920747e+01
2.991143532887952716e+01
2.025646688523048766e+01
7.756512440592218560e+00
2.428541476050220638e+01
1.225093974068655811e+01
1.643178317914917130e+01
3.430889584108346924e+01
3.040754522036704088e+01
3.225557090234443258e-01
4.596136613515249270e-01
5.913316533559216381e-01
4.801300961362446329e-01
3.220012521202106348e-02
4.356747642013242272e-02
5.616211848673114959e-01
4.901401998063773524e-01
3.058328354439361907e-01
2.673687474582248091e-01
7.957207585807916927e-02
2.557700440165343592e-01
1.288105868221600114e-01
1.621405558893659615e-01
3.235138713191874626e-01
3.044800861507611645e-01
2.515925076871473891e+02
0.000000000000000000e+00
5.848332981416549501e+02
5.690977557329697447e+02
6.815811234778178687e+02
6.873294945073064355e+02
7.263318566249511150e+02
6.929857350902912003e+02
7.152306297076370356e+02
7.271146860397647060e+02
6.986926644651155129e+02
7.234151093883810972e+02
7.606621490032175643e+02
7.439143500799034427e+02
7.062368657876384077e+02
7.145388175572478531e+02
