-7.249258732514746173e-01
-1.102327702142983590e+00
-4.689058755918731891e-01
3.781566107848487457e-01
-1.942241677318408577e+00
-5.108256237659907217e-01
-1.114232418590162643e+00
-1.025442472660438753e+00
-1.061287758983830321e+00
-9.816266082244486935e-01
-3.121009422196162841e+00
-3.524593642317903619e+00
-3.939154494120606920e-01
-8.772004419568245615e-01
-1.057418538406245778e+00
-8.725917144095736155e-01
-3.205712831991467837e+00
-8.815767828519405214e-01
-1.203266433961038384e+00
-9.095957275422700272e-01
-1.018754100179335431e+00
-6.453912269894125364e-01
