-6.964190075880197783e-01
-7.871736569307072884e-01
-5.459408943039213424e-01
4.635534702699610765e-01
-2.278228703874598082e+00
-5.108256237659907217e-01
-3.611842222920249590e+00
2.495864267485133625e-01
-1.199212040640689647e+00
-2.510643824316615813e+00
-2.428556567368807428e+00
-5.987238237986304945e+00
-4.127052595825736470e-01
-4.610784696582097969e-02
-1.536050466846713647e+00
-1.020437006223942289e+00
-2.210309713471840798e+00
7.259024216169455979e-02
-1.899785285511197630e+00
-1.571642481987105544e+00
-8.910305558402052961e-01
-8.972366787088922324e-01
