-6.772259786585818064e-01
-7.980344905112163323e-01
-5.146398991187154381e-01
6.436101240444758176e-01
-2.053561006780836973e+00
-1.692021054577879768e+00
-1.796067245595106998e+00
-7.041820917999397356e-01
-5.401668875564227257e-01
-1.375684942094027807e+00
-3.583361051147743392e+00
-3.063831007278293495e+00
-6.108079759276333620e-01
-9.158140467262009254e-01
-1.416667249371428294e+00
-1.258600780354912185e+00
-2.481266061390151378e+00
-1.171445596372753917e+00
-1.599112270755125298e+00
-1.440665357551801140e+00
-3.758666712032357471e-01
-8.147680268997554709e-01
