6.410000000000000000e+02
1.755553014076727814e-01
2.057776280446746320e+00
1.307960442134920853e-01
0.000000000000000000e+00
1.199823590807460594e-01
1.270198549297622548e-01
9.217576648636746639e-02
7.959831344263966491e-02
1.107421888945359228e-01
1.202396478539433378e-01
1.004497157639738236e-01
9.789269308670181524e-02
1.006451204132998017e-01
1.016057017503574217e-01
1.009164437580272189e-01
9.697897986293159411e-02
8.615691419565281450e-02
1.071636848197206615e-01
1.079000000000000057e+02
1.079000000000000057e+02
2.946999999999999886e+02
2.696000000000000227e+02
3.761499999999999773e+02
3.767500000000000000e+02
3.621999999999999886e+02
3.551999999999999886e+02
3.933999999999999773e+02
3.928500000000000227e+02
3.817500000000000000e+02
3.974499999999999886e+02
4.155500000000000114e+02
4.130500000000000114e+02
4.093000000000000114e+02
4.023000000000000114e+02
9.057412243023733822e+00
0.000000000000000000e+00
4.052072684508619460e+01
1.885133362074647323e+01
1.910294086852666329e+00
1.611513195990095459e+00
3.093252282879943493e+01
4.430175370272903024e+01
1.856049132209857078e+01
2.162883400532671274e+01
3.365935164840915483e+00
2.505087888384704442e+01
1.302854319595626720e+01
1.204648282104148294e+01
2.415921008273415538e+01
2.566394584910321086e+01
2.753552270470807084e-01
4.347453075528322497e-01
5.366735443660781701e-01
2.677910417336626936e-01
2.746913288738846159e-02
2.678029386808593662e-02
3.814701073727020386e-01
5.092800223645201907e-01
2.344663025879759888e-01
2.804654302354878670e-01
4.365714688999024207e-02
3.089539415111179910e-01
1.551237712249273759e-01
1.502733481953466010e-01
3.411609808051171977e-01
2.966343219520530816e-01
2.514873822922399427e+02
0.000000000000000000e+00
6.292882796816165865e+02
5.542100823211101215e+02
7.544640026747201773e+02
7.559875822910709076e+02
7.322202360842986764e+02
7.234634286752333310e+02
7.880618817091514074e+02
7.877773552685580398e+02
7.660509799490105252e+02
7.980151703349728223e+02
8.322533750555968481e+02
8.266100693591733943e+02
8.219269869859404025e+02
8.073361371958638983e+02
