-6.808556790560980065e-01
-7.953232837465555871e-01
-6.239357161122982554e-01
4.611986835612503777e-01
-3.411144741918692436e+00
-1.709681658084340583e+00
-1.957461410745688113e+01
-1.170597652105038328e-01
-1.469175761152800419e+01
-1.360831729709412352e+00
-8.836449928874262838e+00
-1.300596747451618018e+00
-6.094019296299569843e-01
-8.390644783022799258e-01
-1.134177859347340522e+01
-7.171312322962526409e-01
-2.973600558072247324e+00
-1.528149300859008797e+00
-7.961579302886315768e-01
-8.415194654176050282e-01
-1.652173337485976612e+00
-8.903142763415375915e-01
