-7.249264906560159982e-01
-9.799630172309107268e-01
-5.153518966503095600e-01
5.295539025259687893e-01
-2.050773370934321882e+00
-1.510816578673996435e+00
-1.253177567270225667e+00
-6.889481402044443925e-01
-1.237552797141991512e+00
-3.006946349804619500e-01
-4.367514765656996367e+00
-3.267420309553286106e+00
-1.280570637277231860e+00
-1.163269101393791471e+00
-2.781321015622163273e+00
-1.246778643088114258e+00
-1.557915523818925729e+00
-2.033904057258620668e+00
-7.420066498614240613e-01
-1.034303116839875747e+00
