-5.978021114021520033e-01
-6.036780008625839411e-01
-6.197747787202670944e-01
6.579293744028358315e-01
-2.222613369525701987e+00
-1.574116142375904692e+00
-2.255097604548560675e+00
-4.980540715450048062e-01
-7.046028333363061336e-01
-8.726402638118589294e+00
-3.044733175193678143e+00
-2.948071892326547871e+00
-5.731596867877694623e-02
-2.713482624570292545e-01
-4.744893149917221109e+00
-1.241635117019286305e+00
-3.395669930584751306e+00
-1.491410748723767776e+00
-7.482511004696408285e-01
3.413784070559336414e-01
-1.195193162886390992e+00
-1.010478107778649548e+00
