-6.125939414697595398e-01
-6.843048802564427602e-01
-6.151509912375413558e-01
6.156173028042917217e-01
-2.434664685508340920e+00
-1.282806352789903626e+00
-2.519225616317261718e+00
-1.849089554402683078e-01
-6.187191189145129222e-01
-4.590809452628521470e+00
-3.743145621452425686e+00
-2.724290800586981476e+00
-4.450815604254981239e-01
-4.431095189554531411e-01
-1.563286066027305798e+00
1.747182288540801709e-01
-3.002177397375096479e+00
-1.440616773357875635e+00
-1.909666297779116118e+00
-1.632460853539750234e+00
-1.120873146758032846e+00
-1.047970311446560165e+00
