-6.971800666746221786e-01
-7.199854121034631182e-01
-5.376973356355567724e-01
4.324877197499489290e-01
-1.541545655432112305e+00
-8.573069660910243028e-01
-1.145191105224926398e+00
-6.213283560293930696e-01
-1.101164495456629089e+00
-4.578308600537655537e-01
-6.792653890596579203e+00
-2.147258598608802416e+00
-1.455853649485659540e+00
-7.063858413007104708e-01
-2.426468638693719093e+00
-7.356467732779685686e-01
-2.166779333323817003e+00
-1.481399795888812543e+00
-8.420537956301259452e-01
-8.827103366539601481e-01
