-5.978045031862113667e-01
-6.037033849428233845e-01
-6.197948995471869171e-01
6.579534665372273050e-01
-2.222599309118345801e+00
-1.574116007070462064e+00
-2.255074488145203393e+00
-4.980350866308215774e-01
-7.046098869218296867e-01
-8.726403887521430036e+00
-3.044718043297216514e+00
-2.948066153068587436e+00
-5.733542157130780414e-02
-2.713474421329893915e-01
-4.744858924725176230e+00
-1.241629765434697719e+00
-3.395680478935912738e+00
-1.491408296216133023e+00
-7.482434535903954576e-01
3.413868340238919719e-01
-1.195188384431366213e+00
-1.010473054680130600e+00
