-6.688531866594868980e-01
-8.158295180897598975e-01
-5.782409965051601430e-01
4.522085034712799434e-01
-2.029726737818004167e+00
-1.378529605054084284e+00
-1.097594532825683977e+00
-7.528518182010672521e-02
-5.471519942944153003e-01
-2.110322144815156342e+00
-2.856777467027313833e+00
-3.158037267079352173e+00
-6.793776092443669645e-01
-3.347580844931165034e-01
-1.251502505664007447e+00
-1.104554908273226665e+00
-2.925699376467723045e+00
-1.151659714548698199e+00
-1.835143419014453992e+00
-1.950853832125857723e+00
-9.763609305035340080e-01
-1.149212651275455244e+00
