-8.230931902536446909e-01
-5.660640916374450882e-01
-7.884742370797651612e-01
1.035570294317387896e+00
-5.108256237659907217e-01
-5.216958065025585789e+00
-1.725491225312685950e+00
-4.242848879102797177e+00
-2.578759252738613839e+00
-5.072421484089252530e+00
-4.131358289232725411e+00
-2.315642211053293931e+00
-1.441733654246527552e+00
-2.324866119620080163e+00
-2.282565307455588499e+00
-4.494269020714219742e+00
-2.317853044856371891e+00
-2.867122034383961182e+00
-3.319881454903704121e+00
-1.933755594825725010e+00
-2.408664203233029433e+00
