-6.396230584176271217e-01
-7.964908892200875945e-01
-6.049387811398715398e-01
5.597485972760060102e-01
-3.239982034045527648e+00
-2.131463016137206345e+00
-2.835965849496985314e+01
-2.451226802799482407e-01
-1.705968461464340535e+01
-8.865570663893052039e-01
-7.487860075901793255e-01
-6.916800205220586806e-01
-8.183233863047333356e-01
1.259437054836758607e+00
-1.522703077706278441e+00
-1.594844002599179245e+00
-1.338595431785755885e+01
-1.646342104768327097e+00
-1.981763004449450305e+00
-2.246905726933009717e+00
-1.844936839444732968e+00
-1.295849772455709648e+00
