-7.136742018962750622e-01
-9.617332329879790809e-01
-3.560461925235720027e-01
5.620632431791348083e-01
-2.735006970959478867e+00
-8.219537298833313743e-01
-1.906226992402880427e+01
-3.750142286285300108e-01
-2.119791230967864593e+01
-1.724258957913410883e+00
-7.621804866218034880e-01
-7.739763652842903685e-01
-1.827163152571909255e-01
-7.509056685310207258e-02
-1.236398567677760241e+01
-1.390549594099359298e+00
-1.319354904503540205e+01
-1.261395833707956493e+00
-1.590081182125317349e+00
1.378278527218921301e-01
-1.473338122817444917e+00
1.319078752975469115e-01
