-6.949808007243136743e-01
-7.832438695383064919e-01
-5.050273920466178401e-01
5.001266681682507986e-01
-1.960415314844949464e+00
-8.126982454789130061e-01
-1.299363052445181133e+00
-7.126429840848408359e-01
-1.649208192239298265e+00
-3.231948623532534537e+00
-2.494369639745137590e+00
-1.931614144296719848e+00
-5.996495832749629828e-01
-4.676101054005261659e-01
-2.079113799683772190e-01
-6.082672252133163315e-01
-7.731811035219182671e+00
-1.110877107287703947e+00
-1.677710457794796550e+00
-1.535066793273470731e+00
4.148538486614848919e-01
-7.450834258912824026e-01
