-6.440746953086659010e-01
-8.294458076971180649e-01
-5.759016260693443634e-01
4.209879069019436537e-01
-2.101969479881121927e+00
-1.192600823188262105e+00
-1.233046026974585097e+01
-1.011809111354634583e-01
-8.687100031193155658e+00
-2.734886397910392120e+00
-4.020144782151294782e-01
-2.988447941151208265e-01
-1.031318978177055007e-01
6.438164571448760920e-02
-5.320116888206472439e+00
-1.281315434457284574e+00
-4.698911577728525302e+00
-1.548311310008564368e+00
-1.547108038515557116e+00
4.288606612632540060e-01
-1.276109680971144300e+00
-1.041163114462830164e+00
