-6.971798230145304087e-01
-7.199848884002034710e-01
-5.378242310673464477e-01
4.323711606827684850e-01
-1.541527212458835949e+00
-8.574427457800041230e-01
-1.144963527388254132e+00
-6.212410108871971870e-01
-1.101613928845893042e+00
-4.577323251352837241e-01
-6.730679657162869312e+00
-2.145921735658298690e+00
-1.456638985513642570e+00
-7.062607537483178710e-01
-2.430087200502485612e+00
-7.356933494159725306e-01
-2.165831032517153698e+00
-1.482026212599738546e+00
-8.419490607415601735e-01
-8.822633127175201206e-01
