-7.144281073016865991e-01
-7.080503697797556617e-01
-5.736921850472995743e-01
6.543643235985689977e-01
-2.431136160196272655e+00
-1.628314070247738110e+00
-1.546690771451721069e+00
-7.229853487878258322e-01
-9.812679718838570597e-01
-1.902265593158598556e+00
-3.253144361152256803e+00
-4.363121374657557894e+00
-7.309789577046915676e-01
-6.831975386888167190e-02
-1.106766937957522678e+00
-1.516375295436217963e+00
-1.129914693099969947e+00
-7.623676580684440873e-01
-1.828187409798984975e+00
-1.858404217273966541e+00
