-6.410981408128385572e-01
-8.179405316734071896e-01
-6.012410952406489484e-01
5.667400899175136786e-01
-2.258560615243221825e+00
-1.569012020979746902e+00
-4.125104832391433551e-01
-9.102413758355109019e-01
-7.557112237770691188e-01
-1.134859747237890293e+00
-3.263883673537403496e+00
-3.620084768135535924e+00
-8.007697279438332760e-01
-5.744369590429602157e-01
-1.682013555814449779e+00
-1.477160879246486314e+00
-3.760325526317404687e+00
-1.436481046689279450e+00
-2.314417817715562542e+00
-1.367747613078130087e+00
-1.213243463261482802e+00
-9.898665820883643107e-01
