-6.872389730859972401e-01
-8.126034426937669419e-01
-4.343120229466309601e-01
6.234845612441927143e-01
-2.482542248456311551e+00
-5.108256237659907217e-01
-1.801672526320037937e+00
-5.105483596974274008e-01
-1.027138169474494322e+00
-6.490632288898534608e-01
-1.353656886259834025e+01
-3.060600252357448703e+00
-2.690108539667994125e-01
3.308760948964940829e-02
3.264590722983438109e-01
-9.902118437782974070e-01
-1.329138219261129272e+01
-1.073177988306441621e+00
-1.985862890847039708e+00
-1.592719147861308970e+00
5.775712916971449395e-01
-5.279041303515913386e-01
