-6.776466144121902069e-01
-7.612025369010665399e-01
-5.933391771342025889e-01
7.159521366223992045e-01
-2.444677817883870841e+00
-1.563082481582607208e+00
-1.281498590276512362e+00
-6.423177116443478107e-01
-9.850253168711402552e-01
-1.488406782562717856e+00
-3.002756395477730322e+00
-3.726192554506341903e+00
-9.880225911705117214e-01
-1.091121180239746247e+00
-1.605590842335174795e+00
-1.458651328404604985e+00
-1.182688890598863729e+00
-1.812665138215524996e+00
-2.148452339029502500e+00
-1.775212347725118489e+00
