-6.932697881519851446e-01
-7.890490343137237517e-01
-5.084930036574194512e-01
5.166466186573694941e-01
-1.992423416531257541e+00
-7.293764798910198355e-01
-2.224331596783489573e+00
-6.125027054712410823e-01
-6.151419709315145701e-01
-2.949690070324872071e+00
-1.171913396207001057e+01
-2.898442672989252067e+00
-3.247746350697727213e-01
-5.582377637641405821e-01
3.485234884066881755e-02
-1.279618283589834427e+00
-4.213266334017783166e+00
-1.186793419617559353e+00
-1.699125688332712825e+00
-1.525982723138395558e+00
4.544131324491737511e-01
-7.783148022104517949e-01
