-6.441016852302887674e-01
-8.294997067191275386e-01
-5.759226903214195170e-01
4.211457869942763499e-01
-2.101895325024173200e+00
-1.192630213832544639e+00
-6.172264429769326455e+01
-1.013237111297102533e-01
-7.872909619115157298e+00
-2.729591387613035547e+00
-4.025475812154697963e-01
-2.995489527424309850e-01
-1.032487661762481607e-01
6.413784091887465844e-02
-5.839205301311954699e+00
-1.278789114202361077e+00
-4.584467853528543024e+00
-1.550958886190685782e+00
-1.541108681733381225e+00
4.289892164001907759e-01
-1.277299681459553193e+00
-1.041649833107212819e+00
