-6.838629427770064328e-01
-8.189754478147727168e-01
-4.891395858145423103e-01
7.216259470894658135e-01
-2.063495080785611169e+00
-1.740684632508369356e+00
-1.289858481560949288e+00
-8.330317486612464073e-01
-6.223936458755116030e-01
-1.317640482253690237e+00
-3.608045077014359503e+00
-3.612620938331981613e+00
-9.636069792307989657e-01
-6.747620028856146090e-01
-1.450075143861241589e+00
-1.270923245575271698e+00
-3.131433666246747016e+00
-1.174611523236211319e+00
-1.863661864444430716e+00
-1.895431445192898412e+00
-1.075502279564500396e+00
-1.215144101138588617e+00
