-7.412914668511136895e-01
-9.529684791999055715e-01
-5.234962000623025746e-01
7.202015845055099730e-01
-2.428691945590934154e+00
-1.469361548913616033e+00
-1.108923818954587359e+00
-1.379704002629907222e+00
-3.764825595758298227e-01
-2.035598934150117945e+00
-3.395742044112487701e+00
-2.344874527194034997e+00
-6.601095667396902344e-01
-9.372009752028475082e-01
-1.379371065697315490e+00
-1.438604562082977267e+00
-3.008893519300219310e+00
-1.301905337192033052e+00
-1.945416755354726135e+00
-1.567662456797033421e+00
-1.190837033111920018e+00
-9.592079189188854604e-01
