-6.829840628935419655e-01
-7.953830317864495347e-01
-4.763400292293153981e-01
6.254226344016001748e-01
-1.952481026119708973e+00
-7.140301426579915844e-01
-1.539683636827265278e+00
-6.643293661065370337e-01
-1.556501245249093668e-01
-3.682366203592717380e+00
-8.382367216468139759e+00
-2.625978175842461848e+00
-1.663518662470133969e-01
1.464975718814523313e-02
-1.545189490724957926e+00
5.074872957310456734e-01
-3.034961322236080949e+00
-1.213964160709863238e+00
-1.973540366630308629e+00
-1.483640954450013316e+00
-1.141751861939948043e+00
5.111687788336909399e-01
