-6.769814492435723974e-01
-7.799435263125904516e-01
-5.323611433332090526e-01
5.144388121666340075e-01
-2.725910138798850912e+00
-4.625435786378709335e-01
-1.414557034987479645e+00
-7.427056542692010987e-01
-1.205605758810945005e+00
-1.914858222594554737e+00
-3.402503824383568798e+00
-4.268797696286463328e+00
-9.561865211615129256e-01
-1.121832706991092277e+00
-2.502157635903622168e+00
-1.604275080620351179e+00
-3.145631676311251734e+00
-1.872029247384325856e+00
-1.717879987218434934e+00
-2.267326784288817842e-01
-1.208173917030258560e+00
-1.993094716309315173e-01
