-6.774950216081155885e-01
-9.969050334340039399e-01
-3.574396779483210440e-01
7.816315018543619209e-01
-3.320078791514204930e+00
-5.108256237659907217e-01
-7.806897677138405767e-01
-5.213572821404395263e-01
-8.970780299507108424e-01
-1.165960903202773791e+00
-1.320545571511943450e+01
-1.413975838246259009e+01
-4.619243476780953150e-01
-5.118138314512620662e-02
-1.583595273158333816e+00
-1.561529888741861827e+00
-2.330893514504205122e+00
-1.286971367658169330e+00
-2.068306663056420636e+00
-2.073616856158507105e+00
-1.260288572346424329e+00
-1.316023962460741936e+00
