-7.008762936373539310e-01
-7.634521086820366120e-01
-5.219164148212543930e-01
8.010121346804774944e-01
-4.010090597237960353e+00
-1.754582768608649923e+00
-2.294351808667914216e+00
-9.147552947344173013e-01
-1.002184047269671696e+00
-3.190819616410833226e-01
-3.632864147418524148e+00
-2.452053719222685224e+00
-1.697204349800536916e+00
-1.492011287814969833e+00
-3.748850390363587692e+00
-1.705730215983456866e+00
-1.924608991166627314e+00
-2.001340143071764555e+00
-1.616162412875581822e+00
-8.593908092650640596e-01
