-6.619198638070478147e-01
-9.768650186868748087e-01
-4.787764366042908115e-01
9.572846058686922399e-01
-5.974424230310777517e+00
-5.108256237659907217e-01
-3.749259564926626265e+00
-4.298016021057468605e-01
-1.027004659221166571e+00
-1.180517616205216447e+00
-4.018170451596075665e+00
-3.406039239647867145e+00
-7.004295590419876705e-01
-9.143788772830406808e-01
-1.805782619284845625e+00
-1.680357422611058915e+00
-3.423674519554075868e+00
-1.805825191820259690e+00
-2.088979875863460123e+00
-1.806729327910829852e+00
-1.253912947141005096e+00
-1.234756213692356663e+00
