-7.216741355892117848e-01
-6.912247961322839362e-01
-5.774935222999545426e-01
7.798965838023834696e-01
-2.747193899377511794e+00
-2.605276175964189811e+00
-2.458774382491223598e+00
-1.457526700833754685e+00
-1.042407225147267802e+00
-1.017316996341943725e+00
-3.036373682506738891e+00
-3.932593421089948915e+00
-1.358820105288783386e+00
-1.129638437636781401e+00
-3.843107291758664168e+00
-1.992596587390840446e+00
-2.178870995368332508e+00
-1.977320683515181532e+00
-2.191293385557493423e+00
-1.135640699118153130e+00
