-6.253878627756115360e-01
-7.340543131015619949e-01
-5.895712874541221282e-01
5.143784097811130440e-01
-2.580490291506043921e+00
-1.372655570699096161e+00
-1.113180129379998551e+00
-6.239277392813245005e-01
-1.104145673060038968e+00
-1.236970957349240674e+00
-2.047271200316559625e+00
-2.699051135916031630e+00
-1.165552714575743165e+00
-8.354972626812294800e-01
-9.703869865278715867e-01
-8.162766835306869417e-01
-3.292512107890229522e+00
-1.795324220982550179e+00
-9.889796376777839626e-01
-1.123070949828018916e+00
