-7.411674089594243453e-01
-9.529268132013292147e-01
-5.234751674692285084e-01
7.201059763810663261e-01
-2.428874809159897730e+00
-1.469953908565437395e+00
-1.108779039664682387e+00
-1.379329509858434388e+00
-3.763728787220324001e-01
-2.037285396999314990e+00
-3.404046696549665629e+00
-2.341216453360113636e+00
-6.595920006584912176e-01
-9.370700025882053863e-01
-1.378888636424435044e+00
-1.438768451111992253e+00
-3.011792039324451054e+00
-1.301776041019829355e+00
-1.945338360633125152e+00
-1.567422670765475701e+00
-1.190503012128820925e+00
-9.589153150872198328e-01
