-6.297701698837815387e-01
-7.131570004123293227e-01
-6.728617748756677841e-01
5.311206938478316708e-01
-1.953235286422112527e+00
-1.737201085006976564e+00
-5.140807386464449902e-01
-1.249116119681666026e+00
-8.191979606482654441e-01
-1.308967650620634027e+00
-2.508805455342565160e+00
-3.229653574907004110e+00
-6.730399178949654226e-01
-7.168968397635271383e-01
-1.249434699906515345e+00
-8.736642388480360122e-01
-8.676156584936481897e-01
-1.298117033047437863e+00
-1.835299280653823084e+00
-1.555368305823703778e+00
