-6.773162221839565955e-01
-8.061719407906808854e-01
-4.794583340541134220e-01
5.869821642227509573e-01
-1.867028177876270512e+00
-1.139691014789268708e+00
-1.721767336878246013e+01
-3.990691070542360941e-01
-1.545004481400458296e+01
-1.840607848838414995e+00
-1.117805051011446782e+00
-7.473522675516209857e-01
-4.487548613737851744e-01
-3.494006448381741792e-01
-9.319927587969133453e-01
-6.662322581189961124e-01
-1.307715939741834710e+01
-1.129179065969026841e+00
-1.830815721627384152e+00
-2.081277924113001276e+00
-1.031895585519672975e+00
1.300572816595950976e-01
