-6.790521221317118439e-01
-7.744636566220046703e-01
-4.970302713950821016e-01
7.262822199273326618e-01
-2.098466889888360498e+00
-2.001317493688191007e+00
-1.250650972454009358e+00
-6.626775932243786915e-01
-8.616657993917793690e-02
-1.157389578078519499e+00
-3.135022974445933031e+00
-2.843132267291113902e+00
-5.702419643915743741e-01
-2.432781784366443434e-01
-1.469197054204852693e+00
-7.745556419178900587e-01
-2.705915121485072738e+00
-1.077364242057688104e+00
-1.670555537609691443e+00
-1.468210311836757320e+00
-9.746863545831329079e-01
-6.729067941655593188e-01
