-6.972021215091219748e-01
-8.417853509888475472e-01
-5.531724818207175431e-01
6.383600611360114030e-01
-3.096273975616758545e+00
-1.509926581665483880e+00
-1.472461376944176781e+00
-4.315534345291262008e-01
-1.113207370813959818e+00
-1.425588159857369641e+00
-3.666910439893032336e+00
-3.364445689166247089e+00
-8.261803667743630175e-01
-9.642185333247148549e-01
-1.482032422637856950e+00
-1.472207776661256684e+00
-3.022755727436474693e+00
-1.738136525408507937e+00
-2.279246042326323884e+00
-2.178285667150138494e+00
-1.370054760636816304e+00
-1.099317845063563892e+00
