-6.679621172689668152e-01
-6.726490149778445726e-01
-6.970347919974176909e-01
8.234685427950310110e-01
-2.361114592598392292e+00
-5.108256237659907217e-01
-1.650738409619993297e+00
-4.756410694269105899e-01
-6.980829670387441732e-01
-1.288403170357119931e+00
-2.957660873485577824e+00
-2.999416060428092390e+00
-5.549950772681536693e-01
-6.142692923642929514e-01
-1.216767261182870374e+00
-1.146473659913308740e+00
-2.609835369669097016e+00
-1.418866230730695621e+00
-1.360562958730485050e+00
-1.780749311392617606e+00
-8.835079127778151520e-01
-8.289337140817480964e-01
