2.450000000000000000e+02
3.021120333698000815e-01
2.009103206685581622e+00
2.247488764934311434e-01
0.000000000000000000e+00
2.070228837549684675e-01
2.076056331344066641e-01
2.030487004612530622e-01
1.544692759070238619e-01
1.910335845480820860e-01
1.808294473658173807e-01
1.660405302905993141e-01
1.352314151398329167e-01
2.348096628017066478e-01
1.419805414346969608e-01
1.335058911793304826e-01
1.475144755313021194e-01
1.676618850820695561e-01
1.645244463561943704e-01
5.860000000000000142e+01
5.860000000000000142e+01
1.305500000000000114e+02
1.310999999999999943e+02
1.443000000000000114e+02
1.439000000000000057e+02
1.500000000000000000e+02
1.530000000000000000e+02
1.483499999999999943e+02
1.548499999999999943e+02
1.455000000000000000e+02
1.524499999999999886e+02
1.565000000000000000e+02
1.540000000000000000e+02
1.545500000000000114e+02
1.500500000000000114e+02
1.755443808536379535e+01
0.000000000000000000e+00
2.611814235050650268e+01
2.592330155493830546e+01
5.113103825195697283e+00
3.409590348699230835e-04
2.455541178484211073e+01
2.746083845468171347e+01
1.638974436878282859e+01
1.600891608473049388e+01
5.095052511565176800e+00
1.485832331159261521e+01
4.808397589387370274e+00
1.054924120666066045e+01
1.375897784678427449e+01
2.013490267525149591e+01
5.246334450062537513e-01
3.518253035312288168e-01
4.710308677826577362e-01
4.650944361563569274e-01
8.761215028199523247e-02
7.682789064091588490e-06
4.250847988164084268e-01
4.969481173333796242e-01
3.308617283011064947e-01
3.851057614189482559e-01
7.486644944910077204e-02
3.428175928357500291e-01
1.148439276026108347e-01
2.321266040968160138e-01
2.654977145684849771e-01
4.065541125662768263e-01
1.488789954741407371e+02
0.000000000000000000e+00
2.678394609648961477e+02
2.684788224236291398e+02
2.874220335432958109e+02
2.873036760208540272e+02
3.023861683405124268e+02
3.055860948932214001e+02
2.983400335134467696e+02
3.074003229298687074e+02
2.898314184899965085e+02
3.052656057278659318e+02
3.136114452709429088e+02
3.080786943467594483e+02
3.090943308294438339e+02
3.010237336694884220e+02
