-6.028711622528397651e-01
-7.828852231495125880e-01
-6.253297486568236696e-01
6.081509588013293000e-01
-4.245608899070599129e+00
-8.278138585120160542e+00
-3.335725443814945734e+00
-3.457345703630191891e-01
-7.380806490122260310e-01
-5.799615550966686905e-01
-6.623904861365264907e+00
-4.304124500678754295e+00
-1.332737027924588258e+00
-1.600437773583302636e+00
-3.676803605695230459e+00
-1.531262362614315364e+00
-2.482434760199913271e+00
-1.762374566165542555e+00
-1.018246623869552225e+00
-1.191856658510322964e+00
