-6.411085653321892952e-01
-8.179780981612705393e-01
-6.012375123394556597e-01
5.666142713642220441e-01
-2.258673628991464177e+00
-1.569357745004695825e+00
-4.126696322365457914e-01
-9.098876458921493215e-01
-7.559761357672077908e-01
-1.134737912323757092e+00
-3.265094976741937050e+00
-3.619577691395413410e+00
-8.003975364229843903e-01
-5.744773223323966782e-01
-1.682185706376569279e+00
-1.476878084223224974e+00
-3.756332774244061756e+00
-1.436408830298566031e+00
-2.315089330890159225e+00
-1.367609260503377167e+00
-1.213131443234594098e+00
-9.900769347812601318e-01
