-7.221345651029268398e-01
-8.397290903026892739e-01
-5.630078672549260199e-01
6.073797723536575877e-01
-1.952487130838977736e+00
-1.588522120915517588e+00
-1.379172885228650225e+00
-8.637581892834422792e-01
-5.207489785535363014e-01
-1.744286965033684300e+00
-2.477333674226497084e+00
-2.071011546180898222e+00
-3.810287921050710125e-01
-7.141207423448326930e-01
-1.540401483770367452e+00
-1.196856803440336181e+00
-2.579488543505275011e+00
-1.090411577351130035e+00
-2.389497202754274241e+00
-1.824550091410233055e+00
-5.518701027940207116e-01
-6.539094241786271855e-01
