-6.476480490645665222e-01
-8.512500879202935522e-01
-6.233322975807364941e-01
6.109526391848059124e-01
-3.188044659100518263e+00
-1.389243856600536953e+00
-1.038760757055665174e+00
-1.120948019077150581e+00
-6.556301342562905754e-01
-1.364721486935025707e+00
-3.446645369934082659e+00
-3.117482170528382390e+00
-9.119002936683114902e-01
-8.387358894229173245e-01
-9.954973013219575728e-01
-1.409625847669458532e+00
-1.273562400494734126e+00
-1.474476553795529110e+00
-2.024880871180934960e+00
-1.679174502174712424e+00
