-6.624891333141369465e-01
-6.907483084857041211e-01
-5.367629059141661996e-01
5.265625659632824362e-01
-1.702476532443031321e+00
-3.139532002969105839e+00
-2.906981266340192960e+01
3.491598921409507228e-01
-3.429147035416344025e+00
-2.207412509507661103e+00
-1.141653097617556156e+01
-1.548335315404256995e+01
-7.641035170405449661e-02
-3.362437966085231322e-02
-1.120416524043155032e-01
4.975311575639036754e-02
-5.306351982218013852e-01
-6.337223146447676370e-02
-1.492865706098986056e+00
-7.061887464504714718e-01
-7.171780810696862796e-01
-4.621046524285071233e-01
