-6.630262025237031454e-01
-6.879518279357370591e-01
-5.364033641397593088e-01
5.265943363458599480e-01
-1.687541599026023853e+00
-2.652786209314617949e+00
-2.410361157247754349e+01
3.290785704953322344e-01
-2.879408270741101283e+00
-1.517338549261471714e+00
-1.282394398721179130e+01
-1.382272187297778743e+01
-1.723253677825120067e-01
-1.364190608288656514e-01
-1.285631343657287484e-01
2.092172369470848489e-02
-5.551370026950844805e-01
-8.608328347870594643e-02
-1.522772927485944283e+00
-7.152194461521893531e-01
-7.261507721554925077e-01
-4.782063700136753859e-01
