-6.977696513959881219e-01
-7.803197958440987181e-01
-5.558982482891278165e-01
5.135416788352145101e-01
-2.200567705891505632e+00
-8.885139749062462844e-01
-1.854453199946098030e+00
1.499882328166498857e-01
-1.099278404133344766e+00
-2.520937170505554992e+00
-3.138823055956973640e+00
-5.098363778202997132e+00
-5.994167912594008385e-01
-4.854082049831084239e-02
-1.589121902276432019e+00
-1.187315907269732573e+00
-2.685218342911691813e+00
4.104902955351640709e-02
-2.077024214428581317e+00
-1.682705537359516113e+00
-1.021596999847490306e+00
-1.032718873495284573e+00
