-6.268107972806594708e-01
-7.206090231611980146e-01
-5.485348750076438629e-01
7.456075480613229001e-01
-2.344293758906697889e+00
-1.615465740545117823e+00
-1.293420254305737593e+00
-5.994495443552786407e-01
-3.762563154167355428e-01
-4.101292015182016470e-01
-2.847323754604119905e+00
-3.025036558060649750e+00
-1.264171787976618333e+00
-1.152666664448614320e+00
-4.222421570685551906e+00
-1.307756739963157111e+00
-1.498908377874838660e+00
-1.459208149660436549e+00
-9.844887114775298098e-01
-6.805792209334249332e-01
