-6.383015412595598459e-01
-7.320844416068786886e-01
-6.551307151433333198e-01
5.830565033454042645e-01
-3.038459399625544233e+00
-1.897655895699942974e+00
-9.807800721082249318e-01
-6.543817768955648706e-01
-8.259514811209032192e-01
-9.204228112020421682e-01
-2.401982423085500695e+00
-3.897423056082089055e+00
-1.420463736076890804e+00
-1.530640980824174990e+00
-3.591948459067889843e+00
-1.502417106784960765e+00
-1.648833053871333165e+00
-1.754993737903690842e+00
-1.151553405942669306e+00
-9.531377499404712905e-01
