-6.784171384360394574e-01
-7.566712529493644368e-01
-5.707762541255704258e-01
6.439581874912820858e-01
-2.732733454086015090e+00
-1.715919537734537981e+00
-1.468870130361756399e+00
-3.923700471062250422e-02
-1.319594026080498805e+00
-2.059133158286650112e+00
-4.158052458092271308e+00
-3.340335581451975067e+00
-1.263314083194350346e+00
-1.369930065752587467e+00
-1.597399818806108263e+00
-1.159898728556566727e+00
-3.126496068623738633e+00
-1.975363098722489941e+00
-1.871781593493859086e+00
-1.587694646470865001e+00
