-6.093141453832382481e-01
-6.773244219222470663e-01
-6.202476992939833789e-01
6.964050319208847650e-01
-2.520542946541684426e+00
-5.108256237659907217e-01
-1.524565118009514775e+00
-2.891762858188327012e-01
-7.793436447540876832e-01
-1.549807831734617114e+00
-2.949028060041357424e+00
-3.847483887293083438e+00
-7.920495420767076356e-01
-1.056222518015454304e+00
-1.401425413110215512e+00
-1.252407737157973822e+00
-2.803429231077190664e+00
-1.323292109102808034e+00
-1.774088939326515790e+00
-1.548548194405645617e+00
-1.031243243349192040e+00
-9.215265847044682435e-01
