-6.788354269323438883e-01
-8.693527327025344364e-01
-4.554018549887223211e-01
8.499206761174471492e-01
-2.602309131152416910e+00
-1.675792351860384777e+00
-1.155423814979349650e+00
-5.358206084826684368e-01
-3.473402509905149649e-01
-3.233977027403473481e-01
-3.310595319134942205e+00
-2.671025060797063144e+00
-1.140030654577772307e+00
-1.234605524487602857e+00
-3.414958025445481216e+00
-1.418089603923838427e+00
-1.832169784761524589e+00
-1.549633369540719841e+00
-1.068559820146677053e+00
-1.053069044945907917e+00
