-7.385449111367911046e-01
-7.444819615307451954e-01
-6.040368640647877374e-01
7.035080016539906334e-01
-2.722477451631355905e+00
-1.331628005447279772e+00
-1.643097972964465470e+00
-5.122436994568567714e-01
-9.233256604460565731e-01
-4.916915286404854313e-01
-3.358201622224648464e+00
-3.206491424661515932e+00
-1.629330516243048921e+00
-1.404622968933689098e+00
-2.898510665650640750e+00
-1.449863875587350304e+00
-2.039319735140873391e+00
-1.737198023267726654e+00
-1.126775070745354324e+00
-1.084472102569308483e+00
