-7.258380833599988868e-01
-8.416139258331956086e-01
-4.379013006207961300e-01
6.732946045644215838e-01
-3.338772765178318558e+00
-1.298792251528584352e+00
-8.806344847718544644e-01
-1.033140731600527218e+00
-1.306219004723680577e+00
-1.289274222665665715e+00
-2.832231792447279073e+00
-3.022760204672786166e+00
-4.813203349530444375e-01
-9.792135736665370516e-01
-1.464049938476311485e+00
-1.667744137315786190e+00
-1.030734472663976886e+00
-1.175532161171273238e+00
-2.389946485360957329e+00
-1.903885816893179150e+00
