-7.257979319250140726e-01
-1.093031351474497592e+00
-4.780516930630951400e-01
4.090783000907898814e-01
-1.890976082844864070e+00
-1.238068589465465719e+00
-7.416045638631935111e-01
-1.385643134488404149e+00
-1.142571978069385485e+00
-1.019673402982656851e+00
-3.249408098866262584e+00
-3.652225488094164252e+00
-5.003762324439802178e-01
-9.709768014597405239e-01
-1.154969169312797916e+00
-9.650828298646522141e-01
-3.483683163298143093e+00
-9.955455246305949801e-01
-1.328981724265573927e+00
-9.766911041717499797e-01
-1.112675768934940246e+00
-7.236463838469746612e-01
