-7.272156817394513917e-01
-8.446481555714042688e-01
-5.586104173849403276e-01
5.834253396166313443e-01
-1.775426072283451839e+00
-5.828108919629438889e-01
-1.467790123260299895e+00
-9.436237729398398999e-01
-6.220716232682189650e-01
-3.809085844926936915e+00
-2.757049603493112677e+00
-3.197144304138031412e+00
-1.975501434108837828e-01
-5.507371169920540765e-01
-3.708735006189664229e+00
-1.163865395320170304e+00
-1.988670967373924903e+00
3.128445004974460542e-01
1.132545626429363878e-01
-1.379010625019922109e+00
-6.814191376232594521e-01
-7.387658350281103292e-01
