-7.100767192727326371e-01
-9.464363024856452533e-01
-4.712605130832162037e-01
6.920821083656800710e-01
-2.466766427476725809e+00
-5.108256237659907217e-01
-9.893788202025174394e-01
-1.387139588807765889e-01
-2.569863199658115605e-01
-1.279975758173848899e+00
-1.169987528412154276e+01
-2.375446925470885429e+00
-7.316555145174671315e-01
-7.558602509872018871e-01
-1.428831474956852698e+00
-8.405627841170909553e-01
-2.136432219356280360e+00
-1.567282894019640604e+00
-2.116660006911820435e+00
-7.910976541140591900e-01
-1.091784623427327405e+00
-1.304363745698780663e+00
