-7.381847822686420368e-01
-7.813767178330819352e-01
-6.546508448975840722e-01
4.545598174390226842e-01
-2.083031072089906566e+00
-1.109002464183165504e+00
-1.316646016969861943e+00
-5.036777161375627365e-01
-1.146302883362555702e+00
-1.723142335737710473e+00
-3.081378397960807813e+00
-2.342017713173872639e+00
-6.384315898763596175e-01
-3.797194614238553756e-01
-1.505290490142568771e+00
-9.204090865062891647e-01
-2.981264784638717913e+00
-1.219004812492050949e+00
-1.344259444284889637e+00
-1.810313177458871881e+00
-1.007121780464567573e+00
-9.417490130152343930e-01
