-7.426934287850019967e-01
-8.680002508630069169e-01
-5.417809776581756775e-01
4.749577826282555537e-01
-1.671878550545052633e+00
-1.304435525194355572e+00
-3.640176397963081900e-01
-4.074689530758781597e-01
-1.121008007723285571e+00
-1.186414667150621910e-01
-2.655268528858034660e+00
-2.539332976830162014e+00
-1.956229820420420262e+00
-7.816458837793874848e-01
-3.108636639408440594e+00
-5.790864645295654700e-01
-9.581185848666988747e-01
-1.403842551224265156e+00
-8.194881141408462133e-01
-4.394552590051803431e-01
