-7.548799457235271237e-01
-8.359739223912119321e-01
-5.347729796418322357e-01
6.800683744663588159e-01
-2.647884046149999282e+00
-1.467327783998706670e+00
-1.242961305014637974e+00
-1.054553034060914607e+00
-1.196936474359677316e+00
-2.068679523427910394e-01
-3.140384888446127842e+00
-3.185146368725797039e+00
-1.722914291025634537e+00
-1.335830469372258689e+00
-2.934707829615150754e+00
-1.337365367255970661e+00
-1.771833633955129939e+00
-1.495226585851025192e+00
-1.263935902926697441e+00
-1.184172575617031598e+00
