-6.716653537823576992e-01
-7.491907090657172752e-01
-5.425152608317403979e-01
6.960597577531048019e-01
-2.465689652931165821e+00
-1.842085136305001480e+00
-7.086113408514473910e-01
-3.122502066438899715e-01
-3.941282504348051496e-01
-1.016323258511504513e+00
-3.527348492087764242e+00
-3.562700044398702914e+00
-4.772495144827660907e-01
-7.226005510354905903e-01
-1.429732789622826905e+00
-1.045601463660538410e+00
-2.081757752109199444e+00
-1.462729343763166989e+00
-1.906785262384298685e+00
-1.949286165519955594e+00
-1.027629768409266342e+00
-1.001789916207800779e+00
