-6.504136293761253462e-01
-8.236866947228538294e-01
-5.297981698174466514e-01
7.153061959912887513e-01
-2.375500646773439861e+00
-1.277947953804036363e+00
-8.973431047564239815e-01
-2.951183549599089573e-01
-8.338761253362998449e-01
-2.377987313350977960e-01
-2.611973905238516025e+00
-2.758286276436168638e+00
-1.184080636669041287e+00
-1.153394064551052312e+00
-2.260930498590904225e+00
-1.487746171551547203e+00
-1.870847941418132043e+00
-1.758894962402453466e+00
-1.088146380273390612e+00
-9.617045159116546227e-01
