-6.891468659091694038e-01
-8.096686371717454200e-01
-4.400170101230416742e-01
6.734244777430460349e-01
-2.420513030416008959e+00
-1.302784168488021033e+00
-1.185333513233263414e+00
-8.898130968366901872e-01
-8.118905053778212588e-01
-7.172852785740725379e-01
-1.181833138991759746e+01
-3.013872799698984917e+00
-3.396370606279684456e-01
-3.988205082390109540e-02
2.885579821494274610e-01
-1.165108932787941143e+00
-1.175045542441420388e+01
-1.374597725298225992e+00
-2.043821712709275040e+00
-1.754731133053379244e+00
5.152836398335851609e-01
-6.777735917407970989e-01
