-6.890330225127422326e-01
-8.680433980450826814e-01
-5.420667404870121997e-01
5.980878563683558191e-01
-2.664782551235330921e+00
-1.545611222100835569e+00
-1.795493674987120869e+00
-7.527648130203500321e-01
-6.172137493984185541e-01
-1.327236999185219757e+00
-3.314961277120334948e+00
-3.054818271121608753e+00
-8.705568673100456678e-01
-1.011191212342797074e+00
-1.594307962361851461e+00
-1.289248458325444657e+00
-2.746081697857376103e+00
-1.515183468447939941e+00
-2.142607698466264310e+00
-1.577718288328335605e+00
-1.029295577232350434e+00
-8.906265889896517463e-01
