1.740000000000000000e+02
1.514662988669985555e-01
2.319020082491372925e+00
9.205771130500424448e-02
0.000000000000000000e+00
1.008785193293534749e-01
7.385809740849291760e-02
5.078163847346685994e-02
3.764228336375362999e-02
7.188229086496640552e-02
7.284758681981631789e-02
7.890491552970221867e-02
6.503535488844423840e-02
4.059564234366394575e-02
5.880779181842764325e-02
5.685284016043813671e-02
7.553082899613115797e-02
6.332388641406280771e-02
7.380547068657879184e-02
5.004999999999999716e+01
5.004999999999999716e+01
1.102500000000000000e+02
1.094500000000000028e+02
1.192500000000000000e+02
1.205499999999999972e+02
1.269000000000000057e+02
1.254000000000000057e+02
1.190999999999999943e+02
1.195499999999999972e+02
1.222500000000000000e+02
1.258499999999999943e+02
1.235499999999999972e+02
1.205499999999999972e+02
1.284000000000000057e+02
1.299000000000000057e+02
7.669434174357791179e+00
0.000000000000000000e+00
2.235818492689997328e+01
4.395616304390549622e+00
1.046884086443149897e+00
3.440606645249373319e-01
1.441637373258797439e+01
6.786227906750880834e+00
5.055175561702943909e+00
6.230706017665950114e+00
7.583829651102811376e-01
4.963786277822565651e+00
2.746148846307735258e+00
6.164036388351178175e+00
9.918203358837352823e+00
1.012081018701271873e+01
6.423830791938630602e-01
7.585660837285208569e-01
9.573885701308297858e-01
2.662769590215621207e-01
8.681445081937332053e-02
3.815356963126660672e-02
7.858966980342572128e-01
3.697986867157082025e-01
2.691570260481733201e-01
3.980971313598115624e-01
7.636835397376971757e-02
3.369353701592348038e-01
1.962664571646343392e-01
3.392318433360578811e-01
6.032773893737874982e-01
5.269810786798683200e-01
1.296907667981799932e+02
0.000000000000000000e+00
2.314992596596785575e+02
2.235054261196592904e+02
2.374651414280500603e+02
2.395652861901802453e+02
2.551929421387183652e+02
2.519114493352538489e+02
2.380271312980549396e+02
2.406571104762506650e+02
2.446221177398249438e+02
2.505137671984701626e+02
2.461080530434323919e+02
2.405715853682486340e+02
2.596261295426284050e+02
2.602146260133883970e+02
