3.790000000000000000e+02
2.082508282026168389e-01
1.762512045341972700e+00
1.535521456871421775e-01
0.000000000000000000e+00
1.213476020229205254e-01
1.583640755453558924e-01
1.085218233019152601e-01
1.004724946987269191e-01
1.524265819087719243e-01
1.262059568990143155e-01
1.352392829678508435e-01
1.166311077399557333e-01
1.245593128889717766e-01
1.195417848576208891e-01
8.505767996855063962e-02
1.249144426202634106e-01
1.161550949540120503e-01
1.167886693313515273e-01
9.470000000000000284e+01
9.470000000000000284e+01
2.155500000000000114e+02
1.991500000000000057e+02
2.421999999999999886e+02
2.423000000000000114e+02
2.204499999999999886e+02
2.234499999999999886e+02
2.423499999999999943e+02
2.473499999999999943e+02
2.433000000000000114e+02
2.434499999999999886e+02
2.435000000000000000e+02
2.425000000000000000e+02
2.488499999999999943e+02
2.468499999999999943e+02
2.573893778704806934e+01
0.000000000000000000e+00
2.467455837556336462e+01
2.057386599960799956e+01
2.003440494131390359e+00
1.299211809037451815e+00
3.040306095577381029e+01
3.254536614724678145e+01
1.216698500557538054e+01
1.316855625208602909e+01
1.406191985628634677e+00
1.381169171364360082e+01
4.086920910344078450e+00
1.539101323760204743e+01
1.701701814188120920e+01
2.131566870562724958e+01
6.619862568942176395e-01
4.024270761377954364e-01
4.696764508526005688e-01
3.214672048361805756e-01
3.823959914218207079e-02
2.678040627130980761e-02
4.489832361328819355e-01
5.630217839045373873e-01
1.859990792008136273e-01
2.282848975869838926e-01
2.327616213816202650e-02
2.377629650672093142e-01
9.882370066572582212e-02
2.546799518031344078e-01
2.972316543406685607e-01
3.716262693154169794e-01
2.532128592399351987e+02
0.000000000000000000e+00
4.329317174415702425e+02
4.041313698318779188e+02
4.827764031536009952e+02
4.828537542246760381e+02
4.442490149001951636e+02
4.580196487670929741e+02
4.836924618290686908e+02
4.945914238800714315e+02
4.850170890882050116e+02
4.859403163203568283e+02
4.862074260193516011e+02
4.837932428385222465e+02
4.928901497260806650e+02
4.911247784609035989e+02
