-6.616688341864804812e-01
-7.942727224633991945e-01
-4.873832132690817942e-01
5.237462721719257086e-01
-2.266232236363007857e+00
-1.112914123718778736e+00
-1.564920505984687571e+00
-8.684387282196163182e-01
-7.262487799210706196e-01
-1.652331469509535022e+00
-3.817358601322438982e+00
-2.945908319586470370e+00
-4.371615182055460513e-01
-8.689305179374366972e-01
-1.670515214656732361e+00
-1.217388269652223576e+00
-9.268124679022422541e-01
-1.438237656233243067e+00
-1.837182654837751672e+00
-1.547478729030535849e+00
