-6.772602032220499391e-01
-7.979016516489770838e-01
-5.145596090509620968e-01
6.435502943748971916e-01
-2.053381728021903552e+00
-1.692605297341715831e+00
-1.796473721134264734e+00
-7.046857408833729908e-01
-5.404881962925948136e-01
-1.376282313271431690e+00
-3.598122232441157031e+00
-3.059358339895872358e+00
-6.107324437360269753e-01
-9.155921959202737437e-01
-1.416802081888448139e+00
-1.258279180737146730e+00
-2.480933905037868925e+00
-1.171156017057837007e+00
-1.598697586977675833e+00
-1.440878980688320876e+00
-3.760123399950719980e-01
-8.148500664425002427e-01
