-6.751029778469421760e-01
-7.778744719125771923e-01
-5.536148769102199330e-01
6.296788918844848926e-01
-2.785677737786437014e+00
-5.108256237659907217e-01
-1.587937942759972909e+00
-6.824467638630720145e-01
-1.094389333011358545e+00
-1.875464850310147424e+00
-3.397338358468321662e+00
-3.966845841009087881e+00
-8.943534650014234311e-01
-1.049380507521747496e+00
-1.596896797654272948e+00
-1.542387542795846223e+00
-2.786105356147534184e+00
-1.821231219563443249e+00
-2.478253353174310725e+00
-1.728490132556310677e+00
-1.168779843183660905e+00
-1.375681585765117454e+00
