-6.540979767538935841e-01
-8.921972804990108141e-01
-4.811023235556353139e-01
8.411124830309640865e-01
-1.476662629093060231e+00
-1.886542459074608269e+00
-4.422007847109380996e-01
-2.767190433529217453e-01
-4.287885873721277580e-02
-1.324856043414234907e+00
-2.440732867749556334e+00
-3.265014934229727217e+00
-2.412396944757387862e-01
-9.947438231767649075e-01
-1.312553863192003734e+00
-9.209601328810685938e-01
-2.572564279150967970e+00
-1.088397715034633118e+00
-1.628159432498796688e+00
-1.080960841950224793e+00
-5.054984318955118017e-01
-6.405721160997339680e-01
