-6.645896304467849847e-01
-7.623549570920528096e-01
-6.358029753934832939e-01
4.491332196970393431e-01
-2.015647637204291520e+00
-6.538009631325786275e-01
-2.190442117047915804e+00
-6.810553018360000488e-01
-6.094816136933450812e-01
-2.696515785175330748e+00
-3.422698978893042643e+00
-4.268122804969135764e+00
-4.859902930953308720e-01
-2.397992273416011955e-01
-3.043559902472036782e+00
-1.415903776680295545e+00
-3.264706755483548051e+00
-1.478989938755231659e+00
1.504143105623368393e-01
-1.060872526850587638e+00
-6.818537325813670558e-01
1.718467143421900101e-01
