-6.586113790916244826e-01
-9.033061680851831587e-01
-4.774701139680325168e-01
8.120830337904008100e-01
-1.483206068287128199e+00
-5.108256237659907217e-01
-8.158037300955669480e-01
-1.207528747574263539e-01
-5.264791286062496523e-02
-1.065637338410489798e+00
-2.486711989319131177e+00
-3.079532019512780217e+00
-1.987959482008328227e-01
-9.056310297449302604e-01
-1.271706397370757191e+00
-8.714935324585165732e-01
-2.522510908178060784e+00
-1.033959697834152314e+00
-1.553854168349607878e+00
-1.033580643181023939e+00
-4.516722668092899573e-01
-5.640240524931011690e-01
