-6.796930419714299898e-01
-8.387338041485473683e-01
-5.236264427380500353e-01
6.586230181310491760e-01
-2.533018078735709278e+00
-1.512310566141330304e+00
-1.458145121022689228e+00
-9.054280566929572283e-01
-8.193225709633292775e-01
-6.589459067711527229e-01
-3.000811071113389072e+00
-3.388974261984802006e+00
-1.421711947796643560e+00
-1.109909799647158746e+00
-3.241875913787477081e+00
-1.641579273260671989e+00
-2.116537998207934201e+00
-1.949033188831827079e+00
-1.416500042999602416e+00
-1.149936196550885414e+00
