-7.034169354449493206e-01
-9.827954250119198543e-01
-4.233193501696208561e-01
8.357969336300815621e-01
-2.611969148773983562e+00
-1.539408516594282350e+00
-9.175507090402310051e-02
-2.570259995720852508e+00
-3.698612019521145822e-01
-1.106700223355099766e+00
-3.096919972887905992e+00
-2.687654834504049628e+00
-7.324098196017961859e-01
-7.874551771577686932e-01
-1.439843995816489031e+00
-1.589427060031507688e+00
-8.113114971574988399e-01
-1.352719928337386746e+00
-2.014920944596454433e+00
-1.349941440205090881e+00
