-6.689174579389768338e-01
-9.727747123051352363e-01
-4.708512296066948433e-01
8.819514512141750640e-01
-6.171316688857421795e+00
-3.408030735064201622e+00
-1.438968468069763773e+01
-2.627155221638776683e-01
-1.292959095015229742e+01
-1.274959803471491959e+00
-5.713695834980955013e+00
-1.214232953610465060e+01
-8.336952299142826872e-01
-4.788501289228977442e-01
-1.103422245743819419e+00
-5.357642082474359801e-01
-1.466401438145935376e+00
-1.012199703998053479e+00
-2.103680278589772357e+00
-1.806914998968919939e+00
-1.453729766266146806e+00
-1.122391728626846330e+00
