-7.478188421643560124e-01
-6.992292801688678727e-01
-6.957075735781611536e-01
8.373415478236938547e-01
-5.108256237659907217e-01
-5.774689746191362438e+00
-1.764347432945105876e+00
-4.326142554258202821e+00
-3.080778096215048389e+00
-4.339234290953990936e+00
-5.019283085091549523e+00
-2.047991426650096258e+00
-2.127025278428848587e+00
-4.765214097236595059e+00
-2.211008719736991424e+00
-2.556687331884123004e+00
-2.186849072940615812e+00
-2.128197267031161299e+00
-2.321774818930294693e+00
-2.616974291850451717e+00
-2.508211622705615707e+00
