-7.092873540011260802e-01
-9.415223214251361439e-01
-4.765862510608101510e-01
6.886026170730632501e-01
-2.458883904656576469e+00
-2.168638675651584968e+00
-8.008930158445878300e-01
-2.268209305180864388e-01
-2.615163328815787724e-01
-1.247872977073591017e+00
-1.089460880188672753e+01
-2.432624398579153358e+00
-7.536348329108896182e-01
-7.918226435833520815e-01
-1.465107353630459297e+00
-8.728461779573323254e-01
-2.161571105534276782e+00
-1.601289350960352964e+00
-2.194438136374869064e+00
-8.332717818916256514e-01
-1.138601500123632260e+00
-1.366146963958368765e+00
