-6.776307137938681890e-01
-7.612031949771956851e-01
-5.933835458110948702e-01
7.158946694862476923e-01
-2.444696026202147543e+00
-1.562685644473166269e+00
-1.281221147339328681e+00
-6.422853305964603132e-01
-9.850224120432850006e-01
-1.488518777668269566e+00
-3.002511025935475253e+00
-3.726275840807267592e+00
-9.881635057120418120e-01
-1.091234813396339209e+00
-1.605603961591331341e+00
-1.458830501864298634e+00
-1.182825119331919250e+00
-1.812840687735356227e+00
-2.148403119645326154e+00
-1.775069018000088317e+00
