-6.969474392549939168e-01
-8.304235592018504031e-01
-5.440048959977729082e-01
5.413479254035953314e-01
-2.881475776835811686e+00
-7.401676268595801522e-01
-2.007125393368223154e+00
-3.856623556939045572e-01
-1.089736787249505845e+00
-3.546029687216440518e+00
-8.578367706715907204e+00
-2.959041365626900344e+00
-4.039259951629569634e-01
-5.926910134590263057e-01
-1.583684427829915808e+00
-1.632457761592734646e-01
-4.949803299220340236e+00
-1.713166574736867842e+00
-2.325510346151007379e+00
-2.343584498195641519e+00
-1.413403613657542301e+00
-9.568137574040409821e-02
