-6.798016698682243231e-01
-7.388676096263208093e-01
-5.214987550114422721e-01
5.384480194903326078e-01
-2.963025701301465809e+00
-1.369509544323985750e+00
-1.888351498948563689e+00
-8.450173984243770642e-01
-6.926586073036015145e-01
-2.459164130197954989e+00
-6.358350426870957861e+00
-3.054907950266913641e+00
-8.386275822128607116e-01
-1.097675356618325049e+00
-1.425603046427140974e+00
-1.782849610875364643e+00
-1.284226850818553256e+00
-1.829761443849125202e+00
-1.636504190067398889e+00
-2.623444571309010431e+00
