-6.410834731152801336e-01
-8.318853110408478413e-01
-5.947391958759720154e-01
5.425917054220663616e-01
-2.298069445158735125e+00
-5.108256237659907217e-01
-6.973114325857945328e-01
-6.070396348746321946e-01
-6.589762190254206953e-01
-1.190891276656258935e+00
-3.118467971772840297e+00
-3.453085777038599868e+00
-7.488760596415385828e-01
-4.923647921876934674e-01
-1.601732233403304617e+00
-1.393051543794256775e+00
-3.690166849968643525e+00
-1.346606569191925340e+00
-2.219514501077097357e+00
-1.276523599786051122e+00
-1.123192068033446178e+00
-9.080549840282482466e-01
