-6.392750783159887318e-01
-8.028089539550901099e-01
-5.288151481706508950e-01
4.671098099561071804e-01
-2.213525241171210745e+00
-5.108256237659907217e-01
-3.880658644189175277e+00
-6.142842937733172803e-01
-3.880629489334820326e-01
-4.663722872158290400e+00
-5.424727973854195362e+00
-2.830670703236434882e+00
-3.001395349648986466e-01
7.355670112755504642e-01
2.338400805906014068e-01
-1.172739249204856948e+00
-2.701561695801310226e+00
-1.138187956333843287e+00
-2.099059223314693412e+00
-1.115294005290305979e+00
-1.145695449877098815e+00
-8.987113787311287183e-01
