-6.983233776435007201e-01
-8.404939004326515972e-01
-5.535741021176906473e-01
6.238362432590440765e-01
-3.124354810051989340e+00
-5.108256237659907217e-01
-2.064696993576002004e+00
-3.080118932321420644e-01
-1.101654001933483729e+00
-1.473884824233558266e+00
-3.539957813456714675e+00
-3.323309129449647958e+00
-7.525603067936074142e-01
-9.155051847495434547e-01
-1.412922409646915733e+00
-1.382829670734877725e+00
-2.990110954975643942e+00
-1.641350066542784258e+00
-2.183777286248004490e+00
-2.087793519867276348e+00
-1.292129995094690731e+00
-1.016979187596776635e+00
