-6.758821681238220691e-01
-1.134812806890932668e+00
-3.837436231428759115e-01
6.561706913286943221e-01
-3.492824693097757560e+00
-1.184670910533380139e+00
-1.913918142531746369e+01
-1.024833108414246352e+00
-8.380048431201949644e-01
-1.717638334988808246e+00
-1.251053749820802352e+01
-1.490642276137154720e+00
-3.146460557202599984e-01
-1.015000389702756189e+00
-2.002121149719674253e+00
-4.368924935382578201e-01
-2.961198997482270112e+00
-1.656815943103573385e+00
1.652359467044264285e+00
-2.196718522478510849e+00
-1.397856805725662177e+00
-1.176766652189863649e+00
