-6.441170178468915708e-01
-8.765907199324376453e-01
-6.493638979984499571e-01
4.739559097702594204e-01
-2.129075883752554077e+00
-3.418731586771511233e-01
-1.641054310353639689e+00
-3.982042781934282405e-01
-7.261589395852127149e-01
-1.434513609798053979e+00
-2.482018105745589232e+00
-3.522356930727804425e+00
-8.800639540742616340e-01
-1.038874712550454715e+00
-2.853496520757234922e+00
-1.505149733117819855e+00
-2.769313996240328368e+00
-1.893224398731749192e+00
-1.305416717116664627e+00
-1.513218175293556678e-01
-1.238012650332596110e+00
-2.759621184437390240e-01
