-7.227445153618314855e-01
-6.335391068910707357e-01
-6.491429203815266558e-01
8.889254891580183893e-01
5.310623381938227583e-01
-3.497004732421061135e+00
-2.608742083168976933e+00
-4.204642062447835116e+00
-2.947389940934226349e+00
-3.246556706629891931e+00
-2.721542462682334573e+00
-2.686185437579165391e+00
-2.332452755001553246e+00
-3.968543717406436411e+00
-2.844565235247082047e+00
-1.505721410895098167e+01
-2.834210209083622090e+00
-3.132096032584964718e+00
-4.626819187615408779e+00
-2.515979768612794043e+00
-1.462766434245709846e+00
