-7.241300854878935933e-01
-8.422952220407252666e-01
-5.609198586303748568e-01
5.874529135668857815e-01
-1.769178822596042533e+00
-5.610696265935010141e-01
-1.137857353077158296e+00
-9.259379562009968367e-01
-1.080670734323434967e+00
-3.525575366095993868e+00
-4.828645522923074473e+00
-2.910689605535660807e+00
-4.464349156736467372e-01
-4.796437974842182039e-01
-3.374885305272963265e+00
-4.838404657351851879e-01
-1.816065023173617510e+00
2.818363712886983730e-01
6.495209402917784258e-02
-1.256617186736461722e+00
-6.850993967984870814e-01
-7.090652666112274849e-01
