-6.850280705594782305e-01
-7.721527676926833728e-01
-5.273217675919462666e-01
5.660517965108089466e-01
-2.324824719053260491e+00
-1.408302762139367559e+00
-1.315157446092501736e+00
-1.064116631713709848e+00
-7.850146325254330204e-01
-1.337973892626254768e+00
-3.647843584377611581e+00
-3.472459315679412128e+00
-6.484619724588156497e-01
-5.187895229922271367e-01
-1.483050752412045536e+00
-1.415692492300098637e+00
-1.082369417300583336e+00
-1.493635518836673670e+00
-2.419100745731424418e+00
-1.926591387259035670e+00
