-6.838747780156966272e-01
-8.189731889718052660e-01
-4.891411206125385602e-01
7.215081701580117191e-01
-2.063392568652996140e+00
-1.739762587270708760e+00
-1.289215886085337992e+00
-8.333032538346926144e-01
-6.223697679094228885e-01
-1.317608236632107577e+00
-3.595214902362311005e+00
-3.614164318345573168e+00
-9.637539620954036490e-01
-6.747839054700205397e-01
-1.450335583032311249e+00
-1.271262609285262579e+00
-3.137311291153376036e+00
-1.174568500298805107e+00
-1.863264593494560861e+00
-1.895422454065143203e+00
-1.075293852647493553e+00
-1.215039116672455233e+00
