-7.109008697674246147e-01
-6.965721484448175183e-01
-6.175986317812821591e-01
5.694947624597163083e-01
-3.620816044555055235e+00
-1.246282223880473383e+00
-1.494628083812403530e+00
-3.280591404487862017e-01
-8.995932821845431526e-01
-5.988274393968913145e-01
-2.872434557428931168e+00
-2.615871179374800626e+00
-1.367423045423484362e+00
1.299337385948265977e+00
-1.548018945063062812e+00
-1.791899488908486937e+00
-2.457387859885360459e+00
-1.721496970001633375e+00
-1.604100704106572683e+00
-2.015527868898291608e+00
-1.474140846292458562e+00
-1.468874893625587985e+00
