-7.095065141307482781e-01
-9.414513905063345289e-01
-4.763860977409267172e-01
6.886009226652202164e-01
-2.458694540012245522e+00
-2.171628589386102259e+00
-8.013763504201327770e-01
-2.262560925747941487e-01
-2.617104208831448342e-01
-1.247426088889386220e+00
-8.870650980909886130e+00
-2.434045062242144564e+00
-7.542374709877841532e-01
-7.913154396652376521e-01
-1.465577056758147645e+00
-8.719362781154770259e-01
-2.158778337263491665e+00
-1.601353558052568404e+00
-2.193213058175941477e+00
-8.335359150048241572e-01
-1.139109808791307854e+00
-1.366578157468081756e+00
