-7.249202999856891871e-01
-7.610447315078385788e-01
-3.923438558758612915e-01
5.779812778758570690e-01
-2.308173070343209510e+00
-1.111645869232155803e+00
-8.289755505595264751e+00
-6.694887311962829379e-01
-3.918937738370526613e+00
-1.575479000792981310e+00
-7.836228681685846187e-01
-6.389974711915963335e-01
-2.799522427104960132e-01
-3.649959681262757716e-01
-1.422557822654215709e+00
-1.411916822130720561e+00
-3.136882591323577163e+00
-1.021902676901853324e+00
-1.760848388588639457e+00
-2.001574873587495862e+00
-1.091480983910616320e+00
2.066469542970947593e-01
