-6.597514621195962325e-01
-7.719703141421392356e-01
-5.352904677087573226e-01
4.820836108863132963e-01
-1.837067996097604405e+00
-4.129099247723154731e-01
-8.538720577009144552e-01
-1.135153277155644735e+00
-1.073152223320072762e+00
-2.839339227802667232e+00
-2.232251529907884890e+00
-3.866807186893264081e+00
-4.345987724430679794e-02
-5.006240503568188949e-01
-2.342161148104765278e+00
-1.522730682633677057e+00
-4.967334885307297832e+00
-7.014068807894620061e-01
-1.641857767550100045e+00
3.194164646498359739e-01
-4.272458798373688915e-01
-9.885619650793301405e-01
