-6.922468174443097144e-01
-7.986858591394369045e-01
-4.803049040616307885e-01
8.343753845448299566e-01
-2.835381860141592991e+00
-1.256326507085945066e+00
-1.690178584300485287e+00
-1.058297057984699086e+00
-7.411334333303329913e-01
-2.870704112671879638e-01
-3.203458977400572838e+00
-3.386167096872562343e+00
-1.613232565372917593e+00
-1.509785538322199860e+00
-2.509573979480334227e+00
-1.388551083265635588e+00
-2.245486787646523208e+00
-2.164242023884324517e+00
-1.324510753876373181e+00
-1.067907850023462890e+00
