-6.941475968814769804e-01
-8.006060153256705503e-01
-4.923386355904862399e-01
4.510568451431395953e-01
-2.078006726264195247e+00
-5.108256237659907217e-01
-4.728404978328893726e+00
-4.247133268503432424e-01
-7.687676365680975454e-01
-2.855550468763162542e+00
-8.072135244612283600e+00
-2.786298645370881566e+00
-2.751936034850930302e-01
-4.543858063352463894e-01
5.639537936353913178e-02
-9.424661860475489483e-01
-6.404765451742333582e+00
-8.556562294365848143e-01
-1.580614347156668487e+00
-1.338533620001610913e+00
5.423798529481730357e-01
-5.423615557548795429e-01
