-6.800234019715679645e-01
-6.277421295198017948e-01
-5.027858476100542928e-01
8.363814802142207627e-01
-5.108256237659907217e-01
-6.499867874183546057e+00
-2.035908868731572507e+00
-1.464162865846254746e+01
-3.097178553458916017e+00
-2.409503324050659590e+00
-2.712041815708903236e+00
-1.777376391236249464e+00
-1.866563032329196403e+00
-2.853453794500703022e+00
-2.610055945755695994e+00
-4.488656079572138857e+00
-1.957745154081434125e+00
-2.859077306989102674e+00
-3.371846584027091254e+00
-2.077024332543562224e+00
-1.560200921074046398e+00
