-6.536910875357591078e-01
-9.692195156307035209e-01
-4.861415470889933754e-01
9.965259895941238621e-01
-5.911855937877837697e+00
-1.276113526864564029e+00
-1.857261296883741419e+00
-6.803407876970882784e-01
-9.606764496586328583e-01
-1.214405864539793489e+00
-9.884933492737683736e+00
-3.057871158152130064e+00
-7.767887073816399646e-01
-1.098598750208778618e+00
-1.922528859967145065e+00
-1.818726967833985020e+00
-3.552992979594364886e+00
-1.927471767696210092e+00
-2.195756080095981666e+00
-1.912295895800786738e+00
-1.342555843046871811e+00
-1.366066198457616787e+00
