-6.664796253401396031e-01
-7.830820905791904263e-01
-5.773534579604105987e-01
2.936671267445842282e-01
-1.921653914208665270e+00
-3.759335916008283984e-01
-9.946579828835739878e-01
-2.054968492282784609e-01
-9.206880734321906123e-01
-1.935056709173075040e+00
-2.230028455448517910e+00
-4.039207056455092371e+00
-7.419140055981485737e-01
-4.931546881299768703e-01
-2.458833341994331345e+00
-1.102663997953768016e+00
-5.120025255226564376e+00
7.118838431287874413e-02
-1.380708227200118099e+00
5.072027373793207283e-02
1.264737562646310043e-01
-1.238870263645991621e+00
