-7.144819786697529373e-01
-7.081049607901495069e-01
-5.737198788487425372e-01
6.544364128929747171e-01
-2.431201646328685406e+00
-1.628620522212383070e+00
-1.545733177934319302e+00
-7.229048087765710395e-01
-9.815212761793372653e-01
-1.901303686209840249e+00
-3.251195322989958392e+00
-4.360597654617865082e+00
-7.310996702900053323e-01
-6.820024387732530335e-02
-1.106957826125897215e+00
-1.516448254569818577e+00
-1.130157328553464513e+00
-7.624028083661555932e-01
-1.828620836243695313e+00
-1.858026198265511075e+00
