-7.063576636178605650e-01
-9.616551752792376062e-01
-5.105314519671840801e-01
6.712680218246666053e-01
-2.366945826074887460e+00
-1.691450374420831348e+00
-1.178108942525431413e+00
-4.413551592617409591e-01
-5.775045416771850126e-01
-2.108257195022369135e-01
-2.705967210964267622e+00
-2.756419809241401175e+00
-1.140621756051375613e+00
-1.141625050375881578e+00
-3.010066265617731496e+00
-1.461252529001727529e+00
-2.155790777432112115e+00
-1.777304256911091729e+00
-1.152348639166237421e+00
-9.057635360104459021e-01
