-6.555776981019739713e-01
-8.590068217735099543e-01
-5.173588741717907169e-01
4.841337271863543901e-01
-2.047769873762039783e+00
-9.590439004881764484e-01
-1.987851965392870346e+00
-3.297652089784222640e-01
-5.348933516739204919e-01
-2.908561635193436690e+00
-4.024101094198111461e+00
-3.937401058189618830e+00
-1.881134577009888620e-01
-5.586285646248593251e-01
-2.622571546156376776e+00
-1.177494111247090025e+00
-2.492746759397205469e+00
-1.303121249842967400e+00
-8.760485373311827084e-01
3.584314479493666550e-01
-1.153981396532777870e+00
-1.203989403494382548e+00
