-6.970600758886715820e-01
-7.199330549563938142e-01
-5.378524184851499745e-01
4.323548006438922009e-01
-1.541451316157584239e+00
-8.574345839041579431e-01
-1.145636041152822360e+00
-6.211975418761197520e-01
-1.101539625855554760e+00
-4.581607686864740958e-01
-6.803433603449200007e+00
-2.146818502882251067e+00
-1.455639333801727497e+00
-7.066433442117945329e-01
-2.427168951918976525e+00
-7.355106014600575337e-01
-2.166928868279815124e+00
-1.481557065972404219e+00
-8.419467660843983348e-01
-8.825412229837191758e-01
