-7.136247789633008987e-01
-9.617192338678586250e-01
-3.560580709697194757e-01
5.620820623134866745e-01
-2.734959504466092817e+00
-8.219541027351793261e-01
-1.906226992418231703e+01
-3.750424464400665681e-01
-2.119791230971217999e+01
-1.724244168682848910e+00
-7.621944308529887691e-01
-7.739864735396574380e-01
-1.827083675673346619e-01
-7.507730317091806937e-02
-1.236398582229518084e+01
-1.390533640053131181e+00
-1.319354917477128275e+01
-1.261388069901121289e+00
-1.590118838553340463e+00
1.377902777489009856e-01
-1.473369255452143589e+00
1.319447964684563046e-01
