-6.821840564275944985e-01
-7.566505050900218521e-01
-5.394667056151212226e-01
5.128319671444000472e-01
-2.414156193984496657e+00
-5.108256237659907217e-01
-1.395851325002371635e+00
-7.740620520484919886e-02
-7.646498521598337206e-01
-8.566052197443910776e-01
-4.246858573680949434e+00
-3.660984793634135315e+00
-5.029397001580712123e-01
-6.361037067888979379e-01
4.535222581967344180e-01
-8.664913125324141818e-01
-5.361289348844129776e+00
-1.130688125613055650e+00
-1.650455818027757315e+00
-2.129281060466501785e+00
5.625537662123509808e-01
-7.160854439716408670e-01
