-6.555517440405325136e-01
-9.246351684659686043e-01
-4.107073285979431776e-01
7.128794402096351179e-01
-2.569631801212829192e+00
-1.605788529387994767e+00
-6.999829835843875969e-01
-1.218679923102603091e+00
-3.114548835903514501e-01
-1.425333523991464180e+00
-4.327345297677404723e+00
-4.430721030195289067e+00
-6.317970360593759827e-01
-1.242460311891159686e+00
-8.527855163785957870e-01
-1.311955101308193816e+00
-3.195560106593691607e+00
-1.354286161665443800e+00
-1.241479154867622725e+00
-5.605424263630455206e-01
