-6.808504119208207417e-01
-8.005533031196083726e-01
-5.081712858123969001e-01
6.288047567082969413e-01
-2.085022863881157207e+00
-5.108256237659907217e-01
-2.244572552919480213e+00
-5.808416825094079305e-01
-5.419336211809697712e-01
-1.398646166370904220e+00
-3.486948536770713147e+00
-3.012630037245386916e+00
-5.679479511336258390e-01
-8.597148426799103849e-01
-1.369248254757620575e+00
-1.192980070555371697e+00
-2.409949154766913182e+00
-1.089245037362928992e+00
-1.517041089907643636e+00
-1.387276621809265587e+00
-3.115586159719433978e-01
-7.525293018632095432e-01
