-6.441397063611011831e-01
-8.765493724393988995e-01
-6.493520093947583449e-01
4.739159955991750772e-01
-2.129058106985620480e+00
-3.419531634532408382e-01
-1.639976857133162325e+00
-3.982288156959046255e-01
-7.261121607369659392e-01
-1.435414154227517392e+00
-2.481065412676593418e+00
-3.527461911521764470e+00
-8.800143976110618160e-01
-1.039047494566874397e+00
-2.856911713829058286e+00
-1.505059760545414349e+00
-2.771550062021877814e+00
-1.892869375766158324e+00
-1.304827066097676180e+00
-1.512238410282137069e-01
-1.237530796123671228e+00
-2.760861829804449608e-01
