-6.699183849620065079e-01
-7.456532413976164619e-01
-6.491615594126042277e-01
5.044677624602370569e-01
-3.316978785072804303e+00
-6.747890016270667868e-01
-1.006715021829007073e+00
-5.242787232743064685e-01
-1.747646171371638468e+00
-1.915851504412382500e+00
-3.827726287659464877e+00
-4.869572072580064415e+00
-8.486912125258448958e-01
-1.089299912142395632e+00
-1.631909729173905532e+00
-1.847636738947123547e+00
-3.302140653695514239e+00
-1.572553373842943358e+00
-2.294188591326236537e+00
-2.679408733740191728e+00
-1.457128013210631456e+00
-1.280454911146133412e+00
