-6.689447900547055292e-01
-7.765063960998179748e-01
-4.896465532614215910e-01
3.214011947141151015e-01
-3.628600060413167849e+00
-1.901153409625157664e+00
-2.194289769607153318e+01
-6.426894853288559473e-01
-1.955894321571004113e+01
-1.181673252847670996e+00
-1.751915823209118317e+00
-1.545780443534995774e+00
-1.146789126944220749e+00
-5.683434575006081069e-01
-2.441936585583996955e+00
-1.453801799790599869e+00
-1.335207593339251986e+01
-1.241347826470077242e+00
-1.840546291516249378e+00
-2.880804931403018632e+00
-9.961398282082311040e-01
1.402806164326613869e+00
