-7.111841001910220728e-01
-9.675095911708951890e-01
-3.614861451288284289e-01
4.934324255539720427e-01
-2.691027908079755893e+00
-5.108256237659907217e-01
-1.678693797145038147e+01
-2.733812246752410635e-01
-1.562565193649309769e+01
-1.649742015436040266e+00
-1.297591824400773808e+00
-4.862912136810432884e+00
-1.437951900977124386e-01
-3.480393563724441808e-02
-1.458888018444035062e+01
-1.071644523796436710e+00
-1.473365146768080791e+01
-3.833769223702073181e-01
-1.065721406984042163e+00
4.265102062967920937e-02
-4.994343255665908976e-01
-3.757572792795864647e-01
