-6.598080514998250212e-01
-7.720213195323899491e-01
-5.353147537177583848e-01
4.820917432748187959e-01
-1.837219568054947239e+00
-4.128805624456931556e-01
-8.542624827694118572e-01
-1.135434393937019948e+00
-1.072628039720703308e+00
-2.839741234246699442e+00
-2.234766123424195783e+00
-3.859881738989677125e+00
-4.320580689137046293e-02
-5.005596177541622449e-01
-2.341817804726416430e+00
-1.521895207667123495e+00
-4.949151295616443846e+00
-7.013075895551494909e-01
-1.642493535327075094e+00
3.195890011052158752e-01
-4.271020944594306479e-01
-9.886991423114898092e-01
