-6.815284081866198607e-01
-7.449512684686565578e-01
-5.519570817162303689e-01
5.771765220469724511e-01
-2.296974272872104095e+00
-8.169513246891055847e-01
-6.313749970855148108e-01
-4.614185692868920663e-01
-6.757869145359247653e-01
-1.093548598212908063e+00
-4.372632720227292324e+00
-3.210591238283159843e+00
-6.370884738880467912e-01
-8.288983158947913488e-01
3.005212006912857392e-01
-1.146322593807371781e+00
-3.789256138272201202e+00
-1.508908899474268761e+00
-1.774889478574076085e+00
-2.419569873658281356e+00
3.998554037440899545e-01
-9.432436586945479595e-01
