2.040000000000000000e+02
1.834266702833884100e-01
2.235731612961894488e+00
1.504933375634054937e-01
0.000000000000000000e+00
1.511421282482325879e-01
1.680640490980870871e-01
1.589083848598209781e-01
1.183293266888448547e-01
1.330689297310634067e-01
1.233899759066184737e-01
1.262256576472255976e-01
1.039696532911732890e-01
1.334950764017097113e-01
1.041101484136465471e-01
1.180038208390755544e-01
1.024587089736174461e-01
1.389715853802248324e-01
8.803875943259052705e-02
4.579999999999999716e+01
4.579999999999999716e+01
9.509999999999999432e+01
9.700000000000000000e+01
9.859999999999999432e+01
9.859999999999999432e+01
1.117000000000000028e+02
1.132000000000000028e+02
9.820000000000000284e+01
1.012999999999999972e+02
1.002000000000000028e+02
1.097999999999999972e+02
1.024000000000000057e+02
1.014000000000000057e+02
1.064000000000000057e+02
1.094000000000000057e+02
1.217715860771547121e+01
0.000000000000000000e+00
1.135433557499794333e+01
1.032474659413123419e+01
9.172633421148957420e-05
1.226136553920428621e-05
1.757637411953481887e+01
2.535572393297736227e+01
4.978176284986028932e+00
4.224855672769767700e+00
2.502123121706245179e+00
5.810282034912729543e+00
2.873683535257802291e+00
2.474326988915284797e+00
7.860331625916756160e+00
4.794139152909429491e+00
6.631121715735194266e-01
4.759815763893939788e-01
3.885193841072425158e-01
3.135762524716687594e-01
2.925009898687613788e-06
5.250808792258911401e-07
5.888364008510180714e-01
9.091801001164270257e-01
1.980072081472861456e-01
1.990595238701102776e-01
9.402667880154327862e-02
2.527381865942163741e-01
1.177568219647748271e-01
1.180885575666499460e-01
2.677777350867400763e-01
2.503750861531818805e-01
1.220229975279690962e+02
0.000000000000000000e+00
1.933586034511952505e+02
1.959121691309257756e+02
1.973421629207063575e+02
1.973423260294908346e+02
2.243148237790079520e+02
2.260196581703736172e+02
1.991781201333970444e+02
2.041372785698278562e+02
1.993390258797502952e+02
2.208173955100412513e+02
2.068029805828013821e+02
2.045033351921240978e+02
2.112226044768147517e+02
2.174931631710180966e+02
