-6.542241427046547875e-01
-7.429960292100480368e-01
-6.211857936673730318e-01
7.019427856193160009e-01
-2.040061321899517388e+00
-1.787037188090573547e+00
-8.883709088405776777e-01
-5.386104320139148971e-01
-1.154685797488697485e+00
-1.697868529418863626e-01
-3.348760781367561279e+00
-2.373348908739026708e+00
-1.315939500657502981e+00
-1.255140634416618717e+00
-2.567016235131758695e+00
-1.596341729427748435e+00
-1.851189385943336374e+00
-1.817455399655780957e+00
-1.055640363410156768e+00
-8.524120163388660965e-01
