3.040000000000000000e+02
1.591219741916251595e-01
1.882501208487656896e+00
1.050078779155485115e-01
0.000000000000000000e+00
9.991288884552966543e-02
1.077449883849965484e-01
9.104852596876637782e-02
7.989413082145890854e-02
1.138247832643665830e-01
9.370524825103089539e-02
8.098792469501009395e-02
8.548417045543153792e-02
8.638540420646212414e-02
1.063640037534184651e-01
5.878291926256670047e-02
6.686186825837688030e-02
9.034649623785154238e-02
8.270041342079563484e-02
6.954999999999999716e+01
6.954999999999999716e+01
1.713000000000000114e+02
1.571500000000000057e+02
2.068000000000000114e+02
2.044499999999999886e+02
1.875999999999999943e+02
1.910999999999999943e+02
2.163499999999999943e+02
2.155500000000000114e+02
2.060999999999999943e+02
2.051999999999999886e+02
2.273000000000000114e+02
2.283000000000000114e+02
2.134000000000000057e+02
2.154000000000000057e+02
7.333912989842522379e+00
0.000000000000000000e+00
2.131220679924489758e+01
9.390651407095473857e+00
3.701322883665543184e+00
1.698362323933493734e+00
2.089228080889794370e+01
1.685014506153750347e+01
1.209145519116026790e+01
1.594100623339651435e+01
3.381510597092034054e+00
1.528588497696180859e+01
5.149129781017965257e+00
1.569788999384198469e+01
1.711970589785538976e+01
2.248215210386138807e+01
4.207397111114616894e-01
1.057180727360727213e+00
6.057071267517841751e-01
2.760522447877448160e-01
9.817827901650706679e-02
5.186229427144983806e-02
4.900164616695822373e-01
4.718756883577158168e-01
3.426105951833738339e-01
4.336267159507038449e-01
9.507693731306690599e-02
3.488016958004834245e-01
1.914988409837889427e-01
5.089788717470152823e-01
4.467415037475208628e-01
6.320101722639847042e-01
1.659970487201686637e+02
0.000000000000000000e+00
3.521634029564210664e+02
3.157238263787647270e+02
4.140651105962689371e+02
4.098866235330582413e+02
3.745746241536571688e+02
3.810764632944842560e+02
4.357701831914688455e+02
4.300450949691577875e+02
4.117135871588234295e+02
4.120190751188358149e+02
4.574214626001210036e+02
4.612782943307857977e+02
4.241589967667509882e+02
4.301363373911668759e+02
