-7.699414110629926311e-01
-1.038401053192880008e+00
-4.289333082148111265e-01
5.924009591004740782e-01
-3.119240838080233225e+00
-2.002617056329506262e+00
-1.155455649326615042e+00
-1.316206923540664819e+00
-6.748352779374253707e-01
-2.221569762314819840e+00
-1.386340771581142128e+01
-2.093840931874030087e+00
-6.952666465343896318e-01
-6.305859711180004101e-01
-9.711830028325501019e-01
-1.324600749405152822e+00
-2.228009541716232000e+00
-1.868593239817135210e+00
-1.292829532494559119e+00
-7.049431487236539340e-01
