-6.203238805696568159e-01
-1.056933153099413714e+00
-3.899273134317678413e-01
8.150752151073423768e-01
-2.193846063256618795e+00
-1.444953950109189034e+00
-8.451236823777789064e-01
-7.535155820145227334e-01
-4.748459361662396017e-01
-1.860930288211544603e+00
-2.667905160421481181e+00
-2.666517520533979724e+00
-2.933110417264372383e-01
-1.052376617891093158e+00
-1.711727505780643810e+00
-9.149564074317232398e-01
-2.666517520533969510e+00
-1.955185239540619735e+00
-1.375910502052645867e+00
-9.329794931079212761e-01
-6.740239372223570946e-01
