-6.784468523078261981e-01
-7.567512419126614098e-01
-5.708269793540999837e-01
6.440696247321120449e-01
-2.732627876619876162e+00
-1.715626343863566605e+00
-1.468111685798393573e+00
-3.918006911438284140e-02
-1.319109479750682601e+00
-2.060958621827211790e+00
-4.163032840294308201e+00
-3.340255781524863021e+00
-1.263436588319476694e+00
-1.369574558671678322e+00
-1.597451068245264283e+00
-1.159764824653181758e+00
-3.125911735882263898e+00
-1.975015597874560047e+00
-1.871711872922586561e+00
-1.587561528873820516e+00
