2.550000000000000000e+02
2.059421057610752726e-01
1.733801768285022415e+00
1.545765553995723240e-01
0.000000000000000000e+00
1.536553436421576047e-01
1.518215328691624455e-01
9.971371827427000234e-02
9.164486436558558213e-02
1.292984388668991513e-01
1.466205432593360447e-01
1.119792858942668112e-01
1.313508042229182549e-01
1.215097344182129030e-01
1.349730689087965951e-01
1.151737016428452665e-01
1.064305299973339752e-01
1.227253688710844282e-01
1.343081607258970467e-01
2.835000000000000142e+01
2.835000000000000142e+01
9.525000000000000000e+01
7.370000000000000284e+01
1.341500000000000057e+02
1.339000000000000057e+02
1.278499999999999943e+02
1.188499999999999943e+02
1.454000000000000057e+02
1.402500000000000000e+02
1.380000000000000000e+02
1.435000000000000000e+02
1.606500000000000057e+02
1.606500000000000057e+02
1.475000000000000000e+02
1.490000000000000000e+02
1.455215027456782995e+00
0.000000000000000000e+00
1.945116494118352080e+01
3.232442569014705835e+00
1.176237682074103397e+00
1.346938858095543187e-02
2.652354832567674592e+01
1.823904786602630068e+01
1.217830603832537228e+01
1.141588545085393491e+01
2.709134446543261188e+00
1.162303488871743795e+01
5.591103370022678654e+00
9.801602476716665180e+00
1.206752963217659413e+01
1.287295504565741311e+01
1.533020260121313594e-01
6.976042196191694078e-01
5.957667127789022521e-01
1.420703886335222543e-01
4.368003540991286654e-02
5.471862354640816793e-04
7.578374968954366686e-01
5.008689355375470775e-01
3.684362303504035707e-01
3.048848543503545061e-01
8.057451354810031552e-02
2.972754804101148118e-01
1.504358732180978986e-01
2.848112823970480600e-01
3.329119920805866384e-01
3.202301095687319354e-01
6.140951270832506026e+01
0.000000000000000000e+00
2.124817889147988694e+02
1.498628118866402019e+02
2.700580922918089186e+02
2.685991198448476780e+02
2.706837923827346231e+02
2.483609095627193142e+02
2.951799533620439320e+02
2.850631077715994479e+02
2.767080504158183203e+02
2.896765431297424129e+02
3.226954079354511009e+02
3.233505997136384735e+02
2.953619783632082090e+02
2.993048035881521400e+02
