-6.750524237719571774e-01
-8.768349617140906993e-01
-5.392416992166051415e-01
4.917368729336937250e-01
-1.881156255096849028e+00
-1.031991720696067816e+00
-3.396527715550469395e+01
-3.227303517233867658e-01
-2.894859775909053923e+01
-3.776986600991000254e-01
-6.448977773306341366e-01
-4.874236520840055098e-01
-6.680834591811931622e-01
-7.580637298392918222e-01
-1.312367323130177610e+01
-1.054528380551645439e+00
-2.403724738295529129e+00
-1.480247730910002169e+00
-1.051140865953076098e+00
2.641656778386370363e-01
-1.197562000686533512e+00
-1.244244417532375246e+00
