-7.248977464200425658e-01
-9.799465927238535379e-01
-5.153798867472766387e-01
5.294944343471793546e-01
-2.050780391019693116e+00
-1.511763027737697662e+00
-1.253961570757371913e+00
-6.888395141844748659e-01
-1.237341498682768215e+00
-3.008119592491055316e-01
-4.370529600964974115e+00
-3.265184832206831089e+00
-1.280373434552585898e+00
-1.162986035451522460e+00
-2.780712374651864938e+00
-1.246655668899578240e+00
-1.557660814264208105e+00
-2.034122052383113388e+00
-7.420114832016652118e-01
-1.034569447353200333e+00
