-7.297350542879875723e-01
-6.123389886677989002e-01
-7.162799645287283301e-01
8.805820285799078606e-01
-5.108256237659907217e-01
-4.961176356219891836e+00
-1.419635421420846200e+00
-2.805724164432001455e+00
-3.272472308684806652e+00
-3.600279456547800905e+00
-5.627331259650790507e+00
-1.914319436929155849e+00
-1.598655450137826950e+00
-3.004186296506044407e+00
-2.344432248883216996e+00
-3.229716822773570417e+00
-1.480683984382347163e+00
-3.152165069938769992e+00
-2.925962610436421141e+00
-2.292543804670835073e+00
-2.286382689267666635e+00
