-7.258452175827538877e-01
-8.415786848759381211e-01
-4.379251875721071330e-01
6.734284104425137807e-01
-3.338210307455365733e+00
-1.299074727347180547e+00
-8.812008978584994212e-01
-1.032850879255640120e+00
-1.306274382928135580e+00
-1.290618359096439516e+00
-2.829237406576991631e+00
-3.023573442597133898e+00
-4.811319949333930368e-01
-9.788741020929869752e-01
-1.464050683293216082e+00
-1.667884785090627320e+00
-1.030963784126188498e+00
-1.175588262331533018e+00
-2.390444526501396272e+00
-1.903671015357039531e+00
