-6.717426107846878880e-01
-7.491989671355349101e-01
-5.424427605782876638e-01
6.961419185252174513e-01
-2.465744570273639358e+00
-1.842798174714967985e+00
-7.083214036455132145e-01
-3.122812575612372021e-01
-3.941167411734872172e-01
-1.016372819370298775e+00
-3.522750370040667267e+00
-3.564633285408397079e+00
-4.771323391136202408e-01
-7.229870395191665411e-01
-1.429475535040455769e+00
-1.045761391696386822e+00
-2.082667059709156998e+00
-1.462869221777668871e+00
-1.906672589091482850e+00
-1.949605038364885523e+00
-1.027548634138571337e+00
-1.001899253599149775e+00
