2.960000000000000000e+02
1.265056604264466478e-01
1.818840246026857788e+00
8.900073812228208314e-02
0.000000000000000000e+00
8.259790461125920968e-02
8.019943510212360072e-02
8.067543657309669825e-02
8.203606489973487570e-02
7.123325551737863526e-02
8.162149901797996487e-02
8.232016095321689764e-02
9.340006414526820511e-02
8.324954777790745386e-02
6.646425291036624217e-02
7.806899457357835415e-02
5.236471587103068426e-02
8.303973473271282491e-02
8.604496409746367758e-02
5.970000000000000284e+01
5.970000000000000284e+01
1.555500000000000114e+02
1.467500000000000000e+02
1.929000000000000057e+02
1.920000000000000000e+02
1.930500000000000114e+02
1.935500000000000114e+02
1.980000000000000000e+02
1.960500000000000114e+02
1.931500000000000057e+02
1.961500000000000057e+02
2.044499999999999886e+02
2.094499999999999886e+02
1.995000000000000000e+02
1.995000000000000000e+02
3.915647252964509217e+00
0.000000000000000000e+00
1.644048483054158538e+01
8.519686515258678483e+00
7.809453694342618491e-01
1.676564106011996902e+00
1.647770669846917002e+01
1.836223281409012031e+01
9.687849757441679088e+00
9.735104334700885431e+00
2.379062931009932047e+00
5.081736813209182912e+00
4.785870095359017640e+00
9.458771920210866213e+00
1.128289920308432670e+01
1.486226174961438318e+01
3.229982740820227516e-01
5.853079881875340451e-01
6.124366173725330764e-01
3.514585196519157684e-01
2.516839580656143882e-02
5.311191447411817840e-02
5.914265280454407137e-01
5.764140680274704165e-01
2.967716371145534549e-01
2.655872112334657364e-01
7.363942335636222691e-02
1.947718102707363397e-01
1.495411646430569175e-01
4.251512346085306593e-01
3.382366857866073717e-01
4.323747602345429653e-01
1.362102376451122154e+02
0.000000000000000000e+00
3.250008086693673022e+02
3.022582964697761554e+02
3.846128541286807376e+02
3.847896551074389890e+02
3.911228371306964959e+02
3.902890359948964942e+02
3.965507646579551420e+02
3.924517564767951399e+02
3.880732145609089230e+02
3.925526745825031867e+02
4.099411936184678211e+02
4.248665669028039247e+02
4.017112967693723249e+02
3.994837461351079355e+02
