-6.616362698560582789e-01
-6.415293159757573527e-01
-6.199896267055136079e-01
6.270080946156534329e-01
-5.108256237659907217e-01
-1.628886137002604428e+01
-8.309976456121364041e-01
-5.001355758700373855e+00
-1.584687712915093805e+00
-2.157681809836759612e+01
-2.059709790059427448e+01
-1.442483451520307103e+00
-1.469263173231626363e+00
-1.316359477610304696e+00
-1.137440588589208490e+00
-1.578920569600094748e+00
-1.199922641044605109e+00
-2.288471230210743723e+00
-2.261854949604207299e+00
-1.827923385626446073e+00
-1.865593605088795792e+00
