-6.650767539613441359e-01
-8.738226177562941066e-01
-4.738347406944862783e-01
5.120783733572253915e-01
-4.806526392140336945e+00
-1.381830130687514924e+00
-1.096501750744304671e+00
-1.530864034547858799e+00
-1.671422856500374365e+00
-2.061871172570670208e+00
-2.553509952142106521e+00
-2.490593856993781330e+01
-4.776016204001869991e-01
-1.078582122074244420e+00
-1.056579501611651484e+00
-1.675023099701833607e+00
-4.591014114206229735e+00
-1.326875363243486872e+00
-1.767924245467308975e+00
-1.252153007879949209e+00
