-6.898364459488810496e-01
-6.807873273824507354e-01
-6.385817313680721696e-01
7.348755161679753067e-01
-2.147833764130969492e+00
-1.750118080469180049e+00
-1.179451973102606521e+00
-5.212008769782262574e-01
-4.408879590866232046e-01
-1.334495101061819122e+00
-3.548181317444620841e+00
-3.139682294541030316e+00
-5.391357936895787573e-01
-4.720086322501601539e-01
-1.178735100830751392e+00
-1.146684545772049146e+00
-5.182895496620032461e-01
-1.420616772112958559e+00
-1.568838124851708260e+00
-1.702466385222280998e+00
