-7.429399040632868045e-01
-7.733666379237769117e-01
-6.455678322424444060e-01
3.992053978728372643e-01
-2.064554589946299146e+00
-1.007454624311887814e+00
-1.982225217545203311e+00
-4.060416211235651773e-01
-1.361338300966262072e+00
-1.413699837800890036e+00
-2.191656857354033150e+00
-1.156989040555947845e+01
-5.905120786632233054e-01
-4.472052724348946073e-01
-1.529372910205584413e+00
-9.053220892251999663e-01
-4.864583033752338803e-01
-9.195348703239086818e-01
-1.362203597261780752e+00
-1.822829393263483366e+00
-9.514971153581864849e-01
-9.801452412145543747e-01
