-6.542047477743753170e-01
-7.430017122506936689e-01
-6.212419683222193401e-01
7.019697912529088146e-01
-2.040148491744596893e+00
-1.786942110240637316e+00
-8.883914258956888688e-01
-5.384620207521402246e-01
-1.155105859174614169e+00
-1.696327556099115341e-01
-3.349797670920747539e+00
-2.372491273418836144e+00
-1.315833630748356464e+00
-1.255232660895575281e+00
-2.568464353959933444e+00
-1.596379688846376155e+00
-1.851463276920302770e+00
-1.817380012657658028e+00
-1.055543524058730753e+00
-8.523627498562652560e-01
