-6.726217555880676935e-01
-8.257067053328791539e-01
-5.590953993377586473e-01
2.708705613417932700e-01
-1.978144207528511167e+00
-1.257622444743925483e+00
-1.253846855235038582e+01
2.204648885043958284e-01
-2.486697749062610097e+00
-1.098843052961111955e+00
-5.590851163986111594e+00
-8.298743955905193426e-01
-4.982412238800907334e-01
-2.919776235590853530e-01
-9.317852935411943704e+00
-1.724793178049368048e-01
-4.119981712348254277e+00
-1.000391944741167993e+00
-2.238960740241127401e-01
-3.416860055861405954e-01
-7.857196109812669693e-01
1.453795060329747257e-01
