-6.104921426698889375e-01
-6.961342425603832540e-01
-6.153172075268396046e-01
5.981493539884786825e-01
-1.993549870508836808e+00
-2.067686250733597575e+00
-1.131349340877552345e+00
-5.349904317332525583e-01
-4.904674047425038319e-01
-1.044284386662287067e+00
-3.682167677911138526e+00
-2.938327754132200376e+00
-5.252391551964621375e-01
-5.508672943089182317e-01
-1.215117641091843614e+00
-1.325441642510315043e+00
-2.613078398942177749e+00
-1.635010756473038951e+00
-1.900367896558768699e+00
-8.552107729646855061e-01
-1.083978520443795945e+00
-8.384752039830541959e-01
