-7.478295415637009613e-01
-7.609060243045986383e-01
-6.478896285967872259e-01
3.799463235890651047e-01
-2.048755978736460204e+00
-9.397146355334655698e-01
-1.305593331471949003e+00
-4.090678662429330092e-01
-2.838412511543812133e+00
-2.075441481855501369e+00
-2.248749636620276160e+00
-1.064439462260181735e+01
-7.008796817761842046e-01
-2.554873445045636737e-01
-1.439486036004594460e+00
-3.985106536691220835e-01
-5.903681789206327579e-01
-7.754766921174479632e-01
-1.300186509897252485e+00
-1.972607285070969052e+00
-9.881451896945792068e-01
-9.638387997682781316e-01
