-6.913410303414526670e-01
-6.286432636082927017e-01
-6.491185556982678184e-01
6.365518510347009107e-01
-1.695065733875300795e+00
-1.232854703103999805e+00
-1.351148826788094670e+00
-1.678637028068862946e+00
-4.491009102650291296e-01
-1.299548105795323316e+00
-2.614449148343177320e+00
-2.450423794577370362e+00
-9.643830327909920230e-01
-1.423949618390087490e+00
-2.849711552220232313e+00
-1.800371794205318787e+00
-1.271928835097728916e+00
-1.557742841217830687e+00
-1.271881502498154015e+00
-1.572931825224132218e+00
