-6.880422220176543036e-01
-8.200115605421670617e-01
-4.870010007790500639e-01
7.124631911305909782e-01
-2.078453197381607165e+00
-5.108256237659907217e-01
-1.588603702012616914e+00
-7.046101706936909181e-01
-6.101550904948535026e-01
-1.355599644119402925e+00
-3.465116167687058102e+00
-3.647616799337279225e+00
-8.966581475379550303e-01
-6.476662654098648275e-01
-1.400670831186255905e+00
-1.204728220049760878e+00
-3.060845349836029072e+00
-1.110912001571746188e+00
-1.785997731713516945e+00
-1.831261371367553847e+00
-1.022337958763659849e+00
-1.141425109529951465e+00
