-7.418452365479873967e-01
-9.559343873863543894e-01
-5.138494984239684316e-01
7.011266433898555306e-01
-2.436173781711441499e+00
-5.108256237659907217e-01
-1.590497497092637991e+00
-1.051554533918575896e+00
-4.035262365311408361e-01
-1.973611629765855469e+00
-3.257998527806151401e+00
-2.334212014338139518e+00
-6.272103508384666570e-01
-8.724898477178434364e-01
-1.311851755864124947e+00
-1.335577980530939346e+00
-2.899461909952170124e+00
-1.206680993839249316e+00
-1.872717033243975537e+00
-1.467621414377064726e+00
-1.121028408704015211e+00
-8.855128338306106350e-01
