-6.984319611181636356e-01
-7.929986292987816210e-01
-5.216065378510617023e-01
6.122593862505746332e-01
-3.281124695498678356e+00
-1.915961338247471168e+00
-1.577484041901869416e+00
-5.337036802887243914e-01
-1.060966430864839438e+00
-1.105909782232331162e+00
-2.936852874054075357e+00
-6.450459100688020975e+00
-7.653137385435897500e-01
-1.183660885986096645e+00
-1.984227564104830144e+00
-1.640744359374814332e+00
-4.102961626793111272e+00
-2.120207831538628795e+00
-2.431935275201844604e+00
-1.922855046006028301e+00
-1.701447062241554287e+00
-1.241082638680168326e+00
