-6.630340938971291953e-01
-6.879558977022519617e-01
-5.363945391351182534e-01
5.264245621473132575e-01
-1.687592506167705064e+00
-2.652736365006339359e+00
-2.410361157246683561e+01
3.290041079901764864e-01
-2.879407348078790285e+00
-1.517382743454211980e+00
-1.282394328596399724e+01
-1.382272155013048121e+01
-1.723278201131596132e-01
-1.364648909182890890e-01
-1.284925110292958195e-01
2.094803811636332044e-02
-5.551698387018381142e-01
-8.612990722271983424e-02
-1.522949106877334646e+00
-7.151719697350287230e-01
-7.261858007467402176e-01
-4.781901896708637412e-01
