-7.429899311011586294e-01
-7.731782789528968136e-01
-6.455736306891651788e-01
3.989822450974756518e-01
-2.064679830255343518e+00
-1.007816251572314137e+00
-1.983470842693968894e+00
-4.057180549909886746e-01
-1.360683656912612394e+00
-1.413293078318852425e+00
-2.191326197997910175e+00
-1.200432570516367470e+01
-5.906821987634770510e-01
-4.471981220192566830e-01
-1.530020325390781366e+00
-9.051316321299319734e-01
-4.864911939267092533e-01
-9.194081388077643968e-01
-1.362728548424950503e+00
-1.823127722516249438e+00
-9.512755028041252059e-01
-9.800496434405069346e-01
