-7.105957270682907723e-01
-7.221014926606145190e-01
-5.907981185652836364e-01
4.618621788129118610e-01
-3.367365015793634342e+00
-8.376935863456147491e-01
-2.844784449490846967e+00
-3.311671414089522036e-01
-8.873239304169074915e-01
-5.927301852936542881e-01
-1.067187780319542156e+01
-2.941617423714989688e+00
-1.392025934901259587e+00
9.837119888479546326e-01
-2.599150604283714250e-01
-1.412148497229518185e+00
-2.939764229500017478e+00
-1.579040496885163680e+00
-1.442231438533323473e+00
-2.424558121695958413e+00
-1.008662535307929681e-01
-1.489593231826164654e+00
