-6.441291151415056149e-01
-8.083723471456155663e-01
-4.813967421979231109e-01
6.559919240935524476e-01
-2.075499545594447159e+00
-1.853006439186602572e+00
-1.164098798634043419e+00
-6.515115889625776591e-01
-3.152415873326350759e-01
-5.290152608608086338e-01
-4.124898624774551159e+00
-3.100772719382189901e+00
-6.474974869816864098e-01
-5.429364548334124629e-01
-1.437254252560083767e+00
-1.261568987461069158e+00
-1.121113083207387229e+00
-1.652836888466391985e+00
-1.734746508186087555e+00
-1.303133473872067016e+00
