-6.304306378170057013e-01
-6.690920736315457695e-01
-6.227236657685212284e-01
4.558999056544383865e-01
-1.513711366199783415e+00
-5.108256237659907217e-01
-1.109116652997679031e+00
2.001955686214468011e-01
-9.168077661886150920e-02
-1.044888086571350128e+00
-2.967210912048043880e+00
-3.213434338736958384e+00
-1.919939872457415986e-01
-8.290185007078576529e-02
-8.565098706803999651e-01
-7.891853619190578595e-01
-1.822362164223670922e+00
-1.052044240257323127e+00
-1.090116182885317420e+00
-1.009146135316226323e+00
-6.792788372631765048e-01
-5.097834305360201546e-01
