-6.645264524098317693e-01
-7.623920532567808328e-01
-6.357442891924671713e-01
4.491064979509083455e-01
-2.015784922234160614e+00
-6.542520383522730798e-01
-2.196649500045271264e+00
-6.799902240641580997e-01
-6.090084606080290452e-01
-2.693339991345689466e+00
-3.427385073074556310e+00
-4.254666128609154718e+00
-4.856821862592899386e-01
-2.398597696739065421e-01
-3.042883647175692818e+00
-1.415821866212406688e+00
-3.260366045453042094e+00
-1.479613832733135625e+00
1.506101929055016220e-01
-1.060759382429291131e+00
-6.818348296107903384e-01
1.718451718819781204e-01
