-6.742525283721897411e-01
-7.222053160711833231e-01
-6.357880323649698351e-01
7.232354091568522492e-01
-3.800021478481242720e+00
-1.799039142885834552e+00
-1.762822974363469353e+00
-3.411839678278414945e-01
-1.425139185489157523e+00
-1.628448611598185547e+00
-3.496756391176671475e+00
-2.899924723214945654e+00
-8.386820966778073538e-01
-1.112520384490638170e+00
-1.626122746198281011e+00
-1.611782293682252121e+00
-7.051032251390805250e-01
-1.368792629955604134e+00
-1.840815220340645819e+00
-2.103788229920991348e+00
