-6.757880553909171306e-01
-9.950712707313701388e-01
-3.589249988847429962e-01
8.044254205436518479e-01
-3.315966569267153385e+00
-1.696676613219598728e+00
-4.106914193094566290e-01
-7.420365202485853517e-01
-9.442893572600503660e-01
-1.159656030147011130e+00
-1.184686668793810149e+01
-1.396402087939004488e+01
-5.295692083823093643e-01
-9.540862132798154371e-02
-1.620425960323957248e+00
-1.614326358838516606e+00
-2.363113691390567705e+00
-1.375204470786817845e+00
-2.139438596333250953e+00
-2.134465127663041084e+00
-1.318083621758576740e+00
-1.385306977884364743e+00
