-6.750394037252716029e-01
-8.768375258329114130e-01
-5.392506239648737765e-01
4.916780489444134705e-01
-1.881232721253499385e+00
-1.031790758275019204e+00
-1.532657769231312557e+02
-3.226343714081101877e-01
-5.578220149262733685e+01
-3.776982447233951379e-01
-6.448544016550432634e-01
-4.873568021425890850e-01
-6.681338067840442152e-01
-7.580817482747987945e-01
-1.282475939735759951e+01
-1.054507875214636847e+00
-2.405961415007208615e+00
-1.479962989356258030e+00
-1.051105251360694659e+00
2.641681535212505039e-01
-1.197411357317031300e+00
-1.244211450456871981e+00
