-6.891413705278910395e-01
-8.096651684590278064e-01
-4.400177543738592600e-01
6.736297265584804128e-01
-2.420512029325685432e+00
-1.302389673078079735e+00
-1.183626327165148151e+00
-8.917688942017265585e-01
-8.114881861575977684e-01
-7.162094784382116996e-01
-1.126739349416034663e+01
-3.029275438558129085e+00
-3.395185055705682298e-01
-3.972020181667126199e-02
2.889978910763104092e-01
-1.164124002977056538e+00
-1.226805155942150449e+01
-1.374357912573830331e+00
-2.043163412695629066e+00
-1.755189578571334064e+00
5.149799779973888159e-01
-6.778203592454138393e-01
