-6.778004531652470632e-01
-8.397869218721807361e-01
-5.428399154289648143e-01
6.210736008075947723e-01
-2.432426386885680802e+00
-1.765097008647597221e+00
-1.548065499999405015e+00
-1.591892861697674189e+00
-9.587590702212981375e-01
-5.073678017431871856e-01
-4.876490593649651650e+00
-2.999016394483036585e+00
-1.871199354378401347e+00
-1.110075544793051261e+00
-3.606565459445346011e+00
-9.249191867535826450e-01
-1.720069764264897216e+00
-1.675150941762663548e+00
-1.730730658761125140e-01
-1.007043594985870483e+00
