-6.934146882871778939e-01
-7.889853952488578015e-01
-5.085656921670627106e-01
5.168521569056943044e-01
-1.992386970375873645e+00
-7.297752515780634441e-01
-2.223241624737629873e+00
-6.121275450008301089e-01
-6.149602425662117344e-01
-2.953696897710853086e+00
-1.010367520922902962e+01
-2.900458091070799327e+00
-3.242635785836814888e-01
-5.585094554739034045e-01
3.489189387622850663e-02
-1.279788963276178748e+00
-4.129937445325923662e+00
-1.186982558812105681e+00
-1.701993698311522696e+00
-1.523321020368116896e+00
4.537702582023888653e-01
-7.803348577507371875e-01
