-7.249104549021607724e-01
-7.610511018560039975e-01
-3.923145136661295718e-01
5.779698884655006808e-01
-2.308176738119426030e+00
-1.111650116130932675e+00
-8.289746629247510157e+00
-6.694840028315812708e-01
-3.918929035725136067e+00
-1.575475031294511385e+00
-7.836136183625775908e-01
-6.389875408048941718e-01
-2.799326243872083952e-01
-3.649731078613863700e-01
-1.422546608834373894e+00
-1.411919584389412563e+00
-3.136886324773777712e+00
-1.021911155680009564e+00
-1.760842426549817041e+00
-2.001590389823868943e+00
-1.091476082155912630e+00
2.066560786796927673e-01
