-6.799625164388868326e-01
-7.220909951196008425e-01
-5.355569426167501312e-01
6.268170004109583360e-01
-2.702246796823289721e+00
-1.965118053404611986e+00
-1.189436644450084124e+00
-7.279366072987540903e-01
-9.207229878656008060e-01
-1.684281216370861145e+00
-3.180429306683733248e+00
-3.861920064625381510e+00
-7.381080248543777644e-01
-8.665081767798166190e-01
-1.480901841589445267e+00
-1.713198633625772072e+00
-1.038179154754544697e+00
-1.634339433014721177e+00
-2.363390565240253594e+00
-8.143772573866195907e-01
