-5.978366534595136450e-01
-6.037314278916353638e-01
-6.197351387943259571e-01
6.579149044117375000e-01
-2.222566124923847752e+00
-1.574184238943404424e+00
-2.254519633361888431e+00
-4.986393398198202265e-01
-7.057507305485618554e-01
-6.405955952182190494e+00
-3.044354608381452998e+00
-2.941580600688017189e+00
-5.852596579006651839e-02
-2.728515968856777274e-01
-5.132716108324633986e+00
-1.241187085933689094e+00
-3.394135701152896534e+00
-1.491115016783072234e+00
-7.429808664121078099e-01
3.428228466323092749e-01
-1.195274517618622800e+00
-1.010432853455706548e+00
