-6.856607480711808256e-01
-8.096932243387258143e-01
-4.995582948947725477e-01
5.190244128458187944e-01
-2.956484736480213815e+00
-5.299733143131204471e-01
-1.438157313306494434e+00
-6.515625941090429363e-01
-1.172826633722032108e+00
-1.650974025139925772e+01
-3.103068954642498323e+00
-1.730101981985958304e+01
-3.732379812374481687e-01
-3.860944403243843914e-01
-1.453341382267251447e+01
-1.821846860043129013e+00
-1.240143821944151625e+01
-2.275137539855099256e+00
-1.838783655152084195e-01
-1.409046212604262216e+00
-1.850849234527616849e+00
-5.568544877798212861e-02
