-6.182227913257705154e-01
-6.860790016860830454e-01
-6.046955154514683795e-01
5.790436533689043985e-01
-2.476159304745269019e+00
-5.108256237659907217e-01
-5.153132592747089902e+00
-7.691219577827576592e-02
-6.598416555380984816e-01
-4.935768045716121932e+00
-3.818346655035731008e+00
-2.312693037333710233e+00
-3.680968077918493342e-01
-4.326858124845009423e-01
-1.453874569002498784e+00
2.701663084695785644e-01
-2.835807901640360118e+00
-1.326855330133567934e+00
-1.781089015853230872e+00
-1.540790038955400121e+00
-1.015736449769278682e+00
-9.391032163733384897e-01
