-6.723556666332879406e-01
-8.552375588847219712e-01
-5.082925933472597357e-01
6.721616739444182809e-01
-2.189323188090688710e+00
-1.374602088676057265e+00
-1.477607457882167186e+00
-9.529726987682686223e-01
-8.730798182630943316e-01
-5.918791498235557169e-01
-2.373163282148009756e+00
-3.177523355422359419e+00
-1.114209753996152852e+00
-1.215912020245842884e+00
-2.817659568691059935e+00
-1.332093990329420885e+00
-1.901675149954612953e+00
-1.273492762979141935e+00
-1.325899130728332320e+00
-8.465868155723966781e-01
