-7.101453182870296477e-01
-1.134635371243932322e+00
-4.763278871767893108e-01
3.634220161522270787e-01
-1.800363132446460179e+00
-1.536305246832578630e+00
-1.318689425388467384e+01
-5.873825496048736827e-01
-9.524280780516319211e+00
-3.608880069509798005e+00
-1.249099455946355519e+00
-6.109445769285622996e-01
1.400094872337506458e-01
-1.129118631148951502e-01
-3.859341045602911358e+00
-6.868745084266486556e-01
-2.784688488632620640e+00
-1.052076595816825444e+00
-3.841124132097740174e-01
1.069506664439095062e-01
-1.057865359487503598e+00
-7.699631900707352150e-01
