-7.137069943415651485e-01
-7.808318418081672263e-01
-5.171346186432308478e-01
6.285519887350489165e-01
-2.457653859716046885e+00
-9.088285062954093441e-01
-3.851066044445266012e+00
-2.404587286339653074e-01
-2.200976535250741328e+00
-2.033989289433351111e+00
-1.562423189464319906e+00
-4.257191715953600131e+00
-1.736474026764227574e-01
-2.803850263731129111e-01
-4.622120590174914057e+00
-1.289019009332880161e+00
-7.253789948943976107e+00
-5.311906276823193940e-01
-1.069764185238208709e+00
-3.593556344481411147e-01
-9.175645160753730101e-02
-6.531854008606028383e-01
