-6.585796992927405169e-01
-9.035189518997505109e-01
-4.773663690606968490e-01
8.120010650534906782e-01
-1.483256567486547883e+00
-5.108256237659907217e-01
-8.157618110069022599e-01
-1.206622840055915913e-01
-5.265284794821060294e-02
-1.065905522486761736e+00
-2.486593291849212850e+00
-3.079907618446670714e+00
-1.988443668967339040e-01
-9.057415139722435615e-01
-1.271728053594748387e+00
-8.714574018184586546e-01
-2.519623999062511110e+00
-1.033978822765187155e+00
-1.553895522555942765e+00
-1.033555933823008255e+00
-4.519021597687911118e-01
-5.642739418054861789e-01
