-7.007982453848160542e-01
-7.634392438517023649e-01
-5.219021640557079955e-01
8.009960579131785163e-01
-4.010002789800651612e+00
-1.752471587949122833e+00
-2.291215713412012800e+00
-9.149241290450711439e-01
-1.002308504862461369e+00
-3.192034305259977001e-01
-3.631894106971038205e+00
-2.452139048333580096e+00
-1.697462311674390767e+00
-1.492118972545340094e+00
-3.749944772101333701e+00
-1.705900488344660459e+00
-1.924987863999204185e+00
-2.001565932159748318e+00
-1.616315152314841797e+00
-8.593988386734312535e-01
