-7.752060746059525886e-01
-6.019998118166383083e-01
-7.798965301226282731e-01
1.370373565317370979e+00
-5.108256237659907217e-01
-6.308603658695951744e+00
-2.286021434288272758e+00
-5.803006238212843115e+00
-2.543434854477689910e+00
-5.317760522350782004e+00
-5.816420377131024111e+00
-2.368394488670324982e+00
-2.496357522215718383e+00
-2.850093427380396172e+00
-2.512667490745960741e+00
-3.010786735119665547e+00
-2.513734122627687029e+00
-3.206693507636620311e+00
-3.520661900922617438e+00
-3.153531396366873185e+00
-2.509044605866746380e+00
