-6.535194277290140574e-01
-9.696453596325792512e-01
-4.862183518696087114e-01
9.966096388055338817e-01
-5.912592973983599620e+00
-1.276305527496977676e+00
-1.860623949021120715e+00
-6.795018534062682303e-01
-9.602837561250230358e-01
-1.215484856221925369e+00
-1.134986644420282964e+01
-3.056409514094106772e+00
-7.772356365920851662e-01
-1.097813069734956626e+00
-1.922855096557580357e+00
-1.818657424670300449e+00
-3.540869703213341602e+00
-1.927298676323789151e+00
-2.194994462966493032e+00
-1.912252017837261064e+00
-1.342674499262891619e+00
-1.366583180694080468e+00
