-6.311952101801719950e-01
-6.563769048123708760e-01
-5.752272093421134658e-01
5.427256551662017481e-01
-1.473468564933938296e+00
-2.259350222912186901e+00
-8.183356814344996399e-01
-4.627885219035856035e-01
-4.660027393196680134e-01
-8.156045930420992018e-01
-2.227977459101209146e+00
-2.884674110204252351e+00
-3.661719344744731042e-01
-4.757315788263598577e-01
-3.746915551584422133e-01
-6.297670792987877242e-01
-1.851217498210053769e+00
-1.058515573125064835e+00
-6.618681808088887619e-01
-5.024184268460751834e-01
