5.600000000000000000e+02
3.110598697041997429e-01
1.880752943540603184e+00
2.659800391261135100e-01
0.000000000000000000e+00
2.557684706630648508e-01
2.754063097158069295e-01
2.812007788266145392e-01
2.179820713119180742e-01
2.728276592781704313e-01
2.594981277812931086e-01
2.518371460911487114e-01
2.162794402884832823e-01
2.921899065001675733e-01
2.245001140046921084e-01
2.401012399066068670e-01
2.313877845430115932e-01
2.306629929223414088e-01
2.343846885524691059e-01
6.634999999999999432e+01
6.634999999999999432e+01
1.906500000000000057e+02
1.661999999999999886e+02
2.512500000000000000e+02
2.525000000000000000e+02
2.383499999999999943e+02
2.403499999999999943e+02
2.632500000000000000e+02
2.674499999999999886e+02
2.596000000000000227e+02
2.686999999999999886e+02
2.813000000000000114e+02
2.738000000000000114e+02
2.773999999999999773e+02
2.783999999999999773e+02
7.218040409513333699e+00
0.000000000000000000e+00
3.539162769458398827e+01
1.474125728315753925e+01
4.782672602507849646e+00
2.239099496987795312e+00
5.657186108017715753e+01
4.584631842272470692e+01
2.753512434417889310e+01
2.538826319553162847e+01
9.653474918436764085e+00
2.023565160523799378e+01
1.183941014695088079e+01
2.315196320350255732e+01
4.113955202791104426e+01
3.406432234739565246e+01
1.797583716980534763e-01
5.269533099352609051e-01
3.411199202869925062e-01
1.558670362872134341e-01
3.393233335604987910e-02
2.038606230854229928e-02
4.202694638607477606e-01
3.584054543577153140e-01
2.086190333137706854e-01
2.201203649029569998e-01
6.391319743232033723e-02
1.671346942660688339e-01
8.766024368612843065e-02
1.824978918648619275e-01
3.201387231853554671e-01
2.606052095386998668e-01
1.509666917253563554e+02
0.000000000000000000e+00
4.056453001058109749e+02
3.434048009527189720e+02
5.012338678984111198e+02
5.038708916189152660e+02
4.933830589462949092e+02
4.929417780651781413e+02
5.240989917717856770e+02
5.332827438275886607e+02
5.169254544492737296e+02
5.393044656934623617e+02
5.625135514651017274e+02
5.482637643560181004e+02
5.571131723067632038e+02
5.576830221570785397e+02
