-7.068545847363240098e-01
-9.585699324918118824e-01
-4.665708339088324719e-01
4.985840327255392501e-01
-2.318865229109382753e+00
-5.108256237659907217e-01
-1.801333487930848776e+01
7.686376054726486162e-02
-1.487837313222061808e-01
-1.587969081668913596e+01
-1.324797174660450416e+01
-2.924940941106674241e+00
-2.011287085976366795e-01
-1.894448952846604362e-01
-1.425942098081856013e+00
7.956266209336212425e-01
-1.397593677100085330e+01
-1.265868759796276111e+00
-2.046891165995907258e+00
-8.399472995599960301e-01
-9.152645356483654071e-01
7.197683583784615369e-01
