-6.927844281621817757e-01
-8.859435443055252435e-01
-5.265148358706724929e-01
6.603629575599380130e-01
-2.803749585043296744e+00
-1.205107443113435428e+00
-2.771125210424639995e+00
-2.255853055577172472e-01
-9.878961151326135504e-01
-1.340902326388709875e+00
-2.855056666224138784e+00
-3.033839602157859083e+00
-9.129013990400501877e-01
-8.986850466156424133e-01
-1.521427624302130965e+00
-1.664764480116098122e+00
-3.045623054418897802e+00
-1.825615933489345366e+00
-2.463950930522369021e+00
-1.896792813963453561e+00
-1.283420926131522144e+00
-1.357754040276520913e+00
