-6.251530947031312957e-01
-8.183021549198254974e-01
-6.442782455598541347e-01
6.406691123463823523e-01
-1.975145845273534428e+00
-5.084163603544887833e-01
-1.846597539875441507e+00
-5.998722897033975654e-01
-5.898912308422281647e-01
-4.625591201912055084e+00
-2.929655326146599403e+00
-1.396066065499203290e+01
-2.195578337281798784e-02
-2.448627288033609628e-01
-3.001248662287027802e+00
-1.013520199825400425e+00
-2.325266761259668691e+00
1.735131933898022560e-01
-1.164847499864288149e+00
2.314839101435967605e-01
-1.386222859917714212e+00
-1.021931028809017317e+00
