-7.137908474038350271e-01
-8.258479476214360959e-01
-5.406252176893955319e-01
5.842595342845890993e-01
-2.247783265716651435e+00
-1.666848714437194623e+00
-1.771365547563282572e+00
-9.175265774046819089e-01
-1.380924559285213737e+00
-1.598484915286416230e+00
-4.131059696108605905e+00
-2.927508072013392137e+00
-9.278602464817911066e-01
-2.390711134386931669e-01
-7.116458175047631896e-01
-1.064367179555218978e+00
-3.206987511281057746e+00
-1.535589585757287878e+00
-1.174034426708759238e+00
-1.277326170447215858e+00
