-6.784330394278729193e-01
-7.568175764600176825e-01
-5.708679611502834872e-01
6.441624146894325831e-01
-2.732729191916095868e+00
-1.716679466639949414e+00
-1.468716680573585398e+00
-3.930001740326429654e-02
-1.318894924765230847e+00
-2.061405279036928384e+00
-4.164286159462828429e+00
-3.340102522554374787e+00
-1.263517489678698924e+00
-1.369400074378597676e+00
-1.597178866267114028e+00
-1.159740713226141029e+00
-3.126504890681177429e+00
-1.975106700839206919e+00
-1.871698482684178044e+00
-1.587287027592696464e+00
