-7.141893664662544161e-01
-7.262361644068922040e-01
-6.122901892486277697e-01
4.348368186492694853e-01
-3.368548605001396634e+00
-1.401419803715996393e+00
-3.272698737983750217e+00
-6.621365017697056210e-02
-9.557491404180449734e+00
-2.172460748870430614e+00
-3.570327647753056777e+00
-1.329987137283569654e+00
-8.329014734608953807e-01
1.170592612517013631e+00
-8.341449642577050128e-01
-2.900886807206515816e-01
-3.884016796510938896e+00
-1.279810118935261087e+00
-1.525878605122803489e+00
-2.074577406938374668e+00
-1.326413472504529012e-01
-1.422003708599501648e+00
