-6.476502670234746128e-01
-8.512368675542331120e-01
-6.233616231647811645e-01
6.109615893647813989e-01
-3.188084243019600361e+00
-1.389266812131815909e+00
-1.038438668764231743e+00
-1.121440735126739696e+00
-6.555615902223775882e-01
-1.364669951012299487e+00
-3.447548986884765743e+00
-3.117872745994484163e+00
-9.114333711485627099e-01
-8.391810302408830857e-01
-9.956079846841229264e-01
-1.409709806949055233e+00
-1.273718535616655156e+00
-1.474490791606450468e+00
-2.025160500442943601e+00
-1.678902512147848913e+00
