-6.467515955423717156e-01
-7.353430184804661263e-01
-5.964589827048846216e-01
6.383079554697748126e-01
-2.985418318176025654e+00
-1.682354657739932646e+00
-1.507647236267075641e+00
-1.303739238440165371e+00
-9.975740451105356010e-01
-1.445336176972034314e+00
-3.359700468245833349e+00
-2.981004375029877362e+00
-1.497682582463951695e+00
5.832135009757679622e-01
-1.360298288639309128e+00
-1.769999599098847298e+00
-1.164912861538029976e+00
-1.691219364784942947e+00
-1.436291078888473516e+00
-2.134099812106529548e+00
