-7.417943718253316998e-01
-9.559190673414088568e-01
-5.137743901105331634e-01
7.013527670995526320e-01
-2.436164885084106224e+00
-5.108256237659907217e-01
-1.590345734753018547e+00
-1.051401049977749969e+00
-4.036237498111712729e-01
-1.973686391222793102e+00
-3.256432992320096087e+00
-2.335092046934175158e+00
-6.270881818864318946e-01
-8.725225888085401671e-01
-1.311888043574465090e+00
-1.335646757204546731e+00
-2.900048341242866812e+00
-1.206594876605932232e+00
-1.872394991061659075e+00
-1.467794885873091371e+00
-1.121145769716608731e+00
-8.854294409302323476e-01
