-6.704182579175778089e-01
-7.683930446990271390e-01
-5.642149199544197469e-01
6.233044595417610578e-01
-2.760076757106810774e+00
-5.108256237659907217e-01
-1.380516493842857351e+00
-7.684208768864638772e-01
-1.146695656292571863e+00
-1.926145144555083899e+00
-3.442192916197474695e+00
-4.092663093880236858e+00
-9.560436303047367135e-01
-1.101898060332245244e+00
-1.666129471865626543e+00
-1.606989676003131251e+00
-2.864752840468711703e+00
-1.890480996046066675e+00
-2.568655284687380469e+00
-1.791137204307495789e+00
-1.235658130043853387e+00
-1.444012929938920609e+00
