-7.204076463566508881e-01
-6.376172478455029990e-01
-6.816626430270055215e-01
8.593465358296346057e-01
-5.108256237659907217e-01
-1.739857547509625846e+01
-2.094749457522214531e+00
-5.134547620512415200e+00
-2.756780818385062393e+00
-3.284373655815415738e+00
-3.100969132952533514e+00
-2.575239039756304305e+00
-2.131061106070590405e+00
-3.661829270754730636e+00
-2.858472082574831319e+00
-1.620506587299372470e+01
-2.553093933312138297e+00
-3.196115892918681478e+00
-3.882163612231160688e+00
-2.351818318252638651e+00
-1.320882750007520645e+00
