-6.698956269534863672e-01
-7.456685083738455733e-01
-6.491757047129047553e-01
5.045421337722634236e-01
-3.316959251087437277e+00
-6.748322276642334527e-01
-1.007002972825948861e+00
-5.238110662565014231e-01
-1.747453776996622743e+00
-1.916265113773066853e+00
-3.828613377138846641e+00
-4.852219375070607299e+00
-8.485963219927143975e-01
-1.089123663223555472e+00
-1.632197625181564637e+00
-1.847588447033980064e+00
-3.310765157108056744e+00
-1.572553507549473872e+00
-2.293555146422837865e+00
-2.679584600315982446e+00
-1.456535979952059412e+00
-1.280002730442517000e+00
