-7.390765867369120112e-01
-9.842807789584646638e-01
-4.973623851348418223e-01
5.662967796439029033e-01
-2.267475215887243767e+00
-9.469974986548466145e-01
-2.074192979766305900e+00
-9.608661013661607964e-01
-2.159840173477761471e+00
-1.368347832286866517e+00
-8.179920379345088088e-01
-3.377226293999567863e-01
-7.323022916036934227e-01
-9.863402199726208908e-01
-1.135068293259729266e+01
-1.228281865931939443e+00
-2.988484486791044059e+00
-1.490564936967625487e+00
1.727822632159198846e-01
-9.844393611394147703e-01
-1.181091594612583950e+00
-1.085295605832746091e+00
