3.950000000000000000e+02
3.300992238295639702e-01
1.575808792617321874e+00
2.379783043004829457e-01
0.000000000000000000e+00
2.252158739619710970e-01
2.523044911409963453e-01
3.904124312583414080e-01
2.047169754742835523e-01
2.430207224213534745e-01
2.208819953560865468e-01
2.863858017634621222e-01
2.134178756559308998e-01
2.144421075282105793e-01
2.147790338759619777e-01
2.100050585075346476e-01
2.222460827107632653e-01
1.836336012943568519e-01
2.092959763170095244e-01
6.364999999999999858e+01
6.364999999999999858e+01
1.625999999999999943e+02
1.507500000000000000e+02
1.980000000000000000e+02
2.054499999999999886e+02
2.060999999999999943e+02
2.095999999999999943e+02
2.099000000000000057e+02
2.130500000000000114e+02
2.161999999999999886e+02
2.230000000000000000e+02
2.273499999999999943e+02
2.273499999999999943e+02
2.356999999999999886e+02
2.376999999999999886e+02
9.677401692872340533e+00
0.000000000000000000e+00
2.439443945909167866e+01
1.393544250073811064e+01
7.192353057314596398e+00
8.082538482671935753e+00
5.396601106679088389e+01
6.474009039904154861e+01
2.655250052173171582e+01
3.691655684354987699e+01
4.658003046555723614e+00
2.800026274514772595e+01
2.471695048294341746e+01
1.644828570413169189e+01
3.159262082586377218e+01
3.851153996474238284e+01
2.681879271643649032e-01
6.038410214113719698e-01
3.179913139700613067e-01
1.784652821419493995e-01
4.601032145323337430e-02
9.610261306204538612e-02
5.280609927423204342e-01
6.842093632227888023e-01
2.219541138622698195e-01
3.983018669633175968e-01
5.068857411889189646e-02
2.955280322019224193e-01
2.607322296600915745e-01
1.636802212996542605e-01
3.652537535631861232e-01
3.899248630876188115e-01
1.516289679495334894e+02
0.000000000000000000e+00
3.406250537980511126e+02
3.094867351494179388e+02
4.003981780392350061e+02
4.108267633791459161e+02
4.205260682357153996e+02
4.283748560613161658e+02
4.177252658166105448e+02
4.342882240968264682e+02
4.285284172699348346e+02
4.411350240901549569e+02
4.514092072885268294e+02
4.521581076534296244e+02
4.710194229337596425e+02
4.718990223910155350e+02
