-7.896598473450675559e-01
-9.507698725798572337e-01
-6.360695731962954236e-01
4.719834539774331872e-01
-5.108256237659907217e-01
-1.560905328492158262e+01
-1.965722486775095534e+00
-1.275225926968590073e+01
-3.247302169167768149e+00
-3.114896167531466808e+00
-2.112558159976116734e+00
-1.300929470450655767e+00
-1.561651728075612366e+00
-1.391873501514381672e+01
-1.854514961605956858e+00
-3.970394664332518087e+00
-2.150305528480356720e+00
-1.558746125973967889e+00
-1.403068067477202252e+00
-2.383094838129004689e+00
-1.995742899281473859e+00
