-6.297885199095637487e-01
-7.132308153432225239e-01
-6.729442160686870400e-01
5.310730626645077113e-01
-1.953331026276472926e+00
-1.736813142638336860e+00
-5.135534465160600526e-01
-1.249550875112835469e+00
-8.191785429256192019e-01
-1.309271619582873303e+00
-2.510883842773404151e+00
-3.228560110907769509e+00
-6.731362614440202785e-01
-7.170114799239912795e-01
-1.249432502599792327e+00
-8.736284519606390964e-01
-8.675568466771196308e-01
-1.297391126084729063e+00
-1.835346436825197269e+00
-1.555588662853475190e+00
