-5.638802598823672296e-01
-8.482003531946813446e-01
-5.420633247924540044e-01
4.545301377143391997e-01
-1.769212811757283843e+00
-6.081095301469385817e-01
-3.363351448866869209e+00
-8.572033515003216753e-01
-1.122356830531505922e+00
-7.841995592312845931e-01
-6.527165227020088167e+00
-2.657928420051117957e+00
-7.841995592312833718e-01
-6.907755278982136815e+00
-1.278924017529607493e+00
-1.486725501229867463e-01
-4.470714614743665827e+00
-1.067917937341497758e+00
-1.562318139906699876e+00
-1.710110233971037230e+00
-8.698551894198025547e-02
-9.083089530584071980e-01
