-6.714098567113987448e-01
-6.654194787263217892e-01
-7.057132248835353838e-01
7.159902215485756116e-01
-2.289302796671985440e+00
-1.540842258913159402e+00
-2.259449793700145648e+01
-2.380920244762652627e-01
-1.763127005419976001e+01
-6.821588745901400186e-01
-6.550309479730571649e-01
-8.174250452551548030e-01
-6.285244112549416284e-01
-6.919456604855012127e-01
-1.451749111952914451e+00
-1.164105208341068787e+00
-1.345439356564363820e+01
-1.248168485924797011e+00
-1.462801166395804264e+00
-1.877228204862001260e+00
-8.611261131405055780e-01
1.852507248570582632e-01
