-7.094525357887291328e-01
-7.819616153775461598e-01
-5.276478012419303365e-01
7.791149942220054747e-01
-2.697612496770483315e+00
-1.100361036496533051e+00
-1.184513515568503594e+00
-5.291305404950222835e-01
-1.101234154874593640e+00
-9.237098600351857369e-01
-2.528175164984957757e+00
-4.505048527345960174e+00
-6.970595211983976469e-01
-9.052124800777275881e-01
-1.349700898868056109e+00
-1.578893685623438792e+00
-2.936409860993550058e+00
-1.201812973195354406e+00
-1.978251529777155682e+00
-2.059834518663342440e+00
-4.757916890862877723e-01
-1.226922991271193863e+00
