-6.779144761643060013e-01
-8.397851182091921052e-01
-5.427460342791253778e-01
6.211152053755389923e-01
-2.432255493131404211e+00
-1.765517758144484528e+00
-1.548061392835575312e+00
-1.591415315012557841e+00
-9.589047431129422705e-01
-5.077045456709725624e-01
-4.855005437049325856e+00
-3.000874261077176364e+00
-1.871494823591475010e+00
-1.110274999882926661e+00
-3.611938658351919518e+00
-9.245784829814425176e-01
-1.719625053851892682e+00
-1.675497162335515933e+00
-1.732699718931553223e-01
-1.006671189465541127e+00
