-6.982650556766910599e-01
-8.264285484462554621e-01
-5.381221705190392113e-01
5.775021457261707569e-01
-2.894420740200378983e+00
-1.444835616458780336e+00
-1.984060348037903321e+00
-2.565838914587682540e-01
-1.230655503224356462e+00
-2.290599908344022495e+00
-3.427832008430927502e+00
-3.041889091906210929e+00
-9.446110312333646508e-01
3.976039909522918747e-01
-7.946626666787052207e-01
-1.186656005183199136e+00
-2.732006736153624438e+00
-1.604766868861704721e+00
-1.180894700334252256e+00
-1.107950999268939807e+00
