-7.141915188470671083e-01
-7.873111291766465847e-01
-5.146990515213895057e-01
6.238998192328730763e-01
-2.484311390424042365e+00
-5.108256237659907217e-01
-1.123902293490683313e+01
-1.104526599748721083e-01
-4.144118883608933324e+00
-1.634654431940761432e+00
-2.838265409112047166e+00
-4.220315444450854159e+00
-1.022867922697216492e-01
-2.523484729050047837e-01
-7.837234679372497403e+00
-7.920561977077016369e-01
-8.609932892361751300e+00
-5.524510563023269372e-01
-6.207988780126714179e-01
-5.596011207987202640e-01
-1.055359504068360266e-01
-4.998757535253128270e-01
