-6.378594226161334868e-01
-8.415653940938335742e-01
-5.663690815774682363e-01
3.884414659530335823e-01
-2.152874131429342253e+00
-5.108256237659907217e-01
-1.575149868744110115e+01
-4.350017001450148107e-02
-1.376408744000429962e+01
-3.209272963341396778e+00
-4.950597969166338208e-01
-3.205661069410954966e-01
-9.240193539529059641e-02
7.097816317501073891e-02
-1.083799829329705666e+01
-1.141060872787835745e+00
-4.666149158421816878e+00
-1.401684278920154236e+00
-1.265559040797612944e+00
6.005352977740935350e-01
-1.148046043742884326e+00
-9.311743953715583277e-01
