-6.561298821594868658e-01
-8.179481121674228028e-01
-6.756258502897347640e-01
5.930174344513409190e-01
-2.198725590710344235e+00
-8.157415236728383645e-01
-1.041007661921937055e+00
-4.755327142449415900e-01
-8.110039225818780340e-01
-2.247676536131518521e+00
-3.264274873951849898e+00
-3.241808047598354836e+00
-8.863445421942319769e-01
-8.841084989692280516e-01
-1.615061146655067281e+00
-1.465736069559916865e+00
-2.847232711161485241e+00
-1.685021643678435099e+00
-1.811425718177114508e+00
-2.351733497590819955e+00
-1.035028076098619021e+00
-1.104300032943326126e+00
