-6.688363973643921545e-01
-8.158098483457275618e-01
-5.781710016564047816e-01
4.521169298458653230e-01
-2.029548004104652303e+00
-1.378730643362064745e+00
-1.097934836945765769e+00
-7.544830771335642172e-02
-5.469674787358342893e-01
-2.112903003699773574e+00
-2.856899535234492138e+00
-3.153475828252276347e+00
-6.791616732987962868e-01
-3.349883221410198675e-01
-1.251298569831346352e+00
-1.104614180577989435e+00
-2.924009697401441343e+00
-1.151784835577789101e+00
-1.836212139565097656e+00
-1.949779743562463308e+00
-9.764414827864890123e-01
-1.149366454593831577e+00
