-6.754882822826577815e-01
-6.937000280472013225e-01
-5.394485616957087615e-01
6.121542135989104239e-01
-1.782724649474287659e+00
-5.108256237659907217e-01
-1.171787647743187666e+00
1.496898118803439426e-01
-4.880424340074663303e-01
-1.247135159383875758e+00
-2.284360684692868571e+00
-2.797988855829625976e+00
-6.680633027076152697e-01
-6.721935452308207548e-01
-1.001438197869181979e+00
-7.793290828485678334e-01
-2.310533917472218590e+00
-9.783168228545465750e-01
-1.603102043480328698e+00
-5.903311296816122766e-01
-7.328599556438281093e-01
-3.892124137709639387e-01
