-6.938732357687291685e-01
-7.173661907073103361e-01
-5.959349175155846945e-01
6.002402529467034675e-01
-3.435293314463619740e+00
-1.578632068777856556e+00
-1.412037754114891630e+00
-1.119618803182169886e+00
-1.259317791367345452e+00
-1.677284859867684608e+00
-3.647943519076780383e+00
-3.541297685384252603e+00
-1.068451086863935195e+00
-3.056391481829614509e-01
-9.839824546853780385e-01
-1.526924598734283434e+00
-3.420482040894194498e+00
-2.054843629113201509e+00
-1.424813948174655565e+00
-1.231379292085311716e+00
